nm	Orig	F5		
487.6	0.01675	0.00252		
487.5	0.0335	0.00503		
487.4	0.02513	0.00252		
487.3	0.02513	0.00755		
487.2	0.01675	0.00755		
487.1	0.04188	0.01258		
487	0.02513	0.02012		
486.9	0.05025	0.02012		
486.8	0.0335	0.01761		
486.7	0.0335	0.02515		
486.6	0.04188	0.02012		
486.5	0.04188	0.02012		
486.4	0.04188	0.02767		
486.3	0.04188	0.02767		
486.2	0.02513	0.02264		
486.1	0.04188	0.02515		
486	0.05863	0.02767		
485.9	0.24288	0.02515		
485.8	0.04188	0.02264		
485.7	0.1005	0.02767		
485.6	0.067	0.03521		
485.5	0.067	0.02264		
485.4	0.23451	0.04024		
485.3	0.09213	0.03773		
485.2	0.08375	0.11066		
485.1	0.10888	0.03521		
485	0.08375	0.03521		
484.9	0.10888	0.04276		
484.8	0.1005	0.04024		
484.7	0.13401	0.04527		
484.6	0.12563	0.04276		
484.5	0.12563	0.04527		
484.4	0.1005	0.05533		
484.3	0.12563	0.06791		
484.2	0.16751	0.06791		
484.1	0.18426	0.06288		
484	0.15076	0.06288		
483.9	0.19263	0.07042		
483.8	0.16751	0.06036		
483.7	0.15076	0.07042		
483.6	0.17588	0.07042		
483.5	0.21776	0.07294		
483.4	0.25964	0.08048		
483.3	0.22613	0.1006		
483.2	0.25126	0.07545		
483.1	0.23451	0.07545		
483	0.25964	0.09557		
482.9	0.28476	0.10312		
482.8	0.27639	0.10815		
482.7	0.26801	0.10312		
482.6	0.29314	0.13582		
482.5	0.30989	0.14336		
482.4	0.27639	0.12576		
482.3	0.34339	0.12827		
482.2	0.33501	0.1333		
482.1	0.40202	0.1333		
482	0.37689	0.14336		
481.9	0.35176	0.14588		
481.8	0.38526	0.15342		
481.7	0.40202	0.16097		
481.6	0.44389	0.18109		
481.5	0.45227	0.18863		
481.4	0.43552	0.18612		
481.3	0.44389	0.19115		
481.2	0.59465	0.19115		
481.1	0.56952	0.19115		
481	0.5779	0.17606		
480.9	0.58627	0.19115		
480.8	0.58627	0.19366		
480.7	0.61977	0.19869		
480.6	0.63652	0.20875		
480.5	0.6449	0.23642		
480.4	0.6449	0.23642		
480.3	0.6449	0.24145		
480.2	0.70353	0.25906		
480.1	0.75378	0.28924		
480	0.68678	0.30181		
479.9	0.70353	0.3169		
479.8	0.79566	0.31942		
479.7	0.86266	0.3169		
479.6	0.97991	0.34709		
479.5	1.07204	0.33954		
479.4	0.92966	0.34709		
479.3	1.03854	0.35212		
479.2	1.00504	0.35463		
479.1	1.03016	0.37475		
479	0.97991	0.39487		
478.9	1.12229	0.41248		
478.8	1.13904	0.41499		
478.7	1.12229	0.41499		
478.6	1.2563	0.41499		
478.5	1.33168	0.41499		
478.4	1.38193	0.4326		
478.3	1.38193	0.47787		
478.2	1.38193	0.44517		
478.1	1.38193	0.49799		
478	1.38193	0.51811		
477.9	1.44893	0.51308		
477.8	1.44056	0.5332		
477.7	1.52431	0.55332		
477.6	1.58294	0.55584		
477.5	1.58294	0.55332		
477.4	1.61644	0.57848		
477.3	1.62481	0.56338		
477.2	1.70857	0.58602		
477.1	1.75044	0.63381		
477	1.77557	0.63632		
476.9	1.8342	0.64387		
476.8	1.75882	0.66399		
476.7	2.05195	0.6665		
476.6	2.07708	0.71681		
476.5	2.07708	0.75202		
476.4	2.11058	0.77717		
476.3	2.31996	0.79226		
476.2	2.15246	0.82244		
476.1	2.20271	0.84759		
476	2.31159	0.85765		
475.9	2.34509	0.85765		
475.8	2.43722	0.87777		
475.7	2.49585	0.89035		
475.6	2.4791	0.88783		
475.5	2.60473	0.92556		
475.4	2.67173	0.9482		
475.3	2.6801	0.98844		
475.2	2.81411	1.00353		
475.1	2.85598	1.02617		
475	2.85598	1.06641		
474.9	2.85598	1.07898		
474.8	2.97324	1.09659		
474.7	2.91461	1.12174		
474.6	3.14912	1.14689		
474.5	3.41713	1.16953		
474.4	3.35013	1.15947		
474.3	3.39201	1.2148		
474.2	3.52601	1.25504		
474.1	3.56789	1.29025		
474	3.66002	1.31037		
473.9	3.73539	1.32798		
473.8	3.89452	1.37325		
473.7	3.97828	1.42858		
473.6	4.07041	1.45625		
473.5	4.12903	1.49901		
473.4	4.17929	1.50907		
473.3	4.27141	1.52164		
473.2	4.33004	1.57194		
473.1	4.43055	1.6147		
473	4.57293	1.63231		
472.9	4.66505	1.65494		
472.8	4.78231	1.66249		
472.7	4.84094	1.7304		
472.6	5.01682	1.74297		
472.5	5.06707	1.82346		
472.4	5.06707	1.8637		
472.3	5.20108	1.93161		
472.2	5.41883	1.97185		
472.1	5.47746	2.0146		
472	5.62822	2.05736		
471.9	5.75385	2.07245		
471.8	5.81247	2.14288		
471.7	5.88785	2.15294		
471.6	6.06373	2.19066		
471.5	5.92135	2.19066		
471.4	6.31499	2.29378		
471.3	6.49087	2.35163		
471.2	6.59138	2.3969		
471.1	6.72538	2.43966		
471	6.92639	2.49499		
470.9	7.05202	2.54026		
470.8	7.24465	2.60063		
470.7	7.27815	2.62326		
470.6	7.41216	2.66099		
470.5	7.61317	2.73896		
470.4	7.8058	2.79429		
470.3	7.89793	2.83956		
470.2	8.04031	2.92256		
470.1	8.18269	2.97538		
470	8.35857	3.02065		
469.9	8.5177	3.0785		
469.8	8.72709	3.11874		
469.7	8.76896	3.19671		
469.6	9.03697	3.26965		
469.5	9.23798	3.40798		
469.4	9.43061	3.39289		
469.3	9.54787	3.4281		
469.2	9.7405	3.48343		
469.1	9.94988	3.51864		
469	10.09226	3.58655		
468.9	10.21789	3.64943		
468.8	10.32677	3.73243		
468.7	10.64503	3.79782		
468.6	10.86279	3.89842		
468.5	11.02192	3.97891		
468.4	11.18943	4.03927		
468.3	11.41556	4.11472		
468.2	11.55794	4.17005		
468.1	11.6752	4.25305		
468	11.79245	4.31845		
467.9	12.07721	4.38635		
467.8	12.3201	4.44672		
467.7	12.47085	4.54229		
467.6	12.72211	4.61271		
467.5	12.97337	4.70326		
467.4	13.11575	4.7762		
467.3	13.43402	4.85417		
467.2	13.66015	4.93214		
467.1	13.87791	5.02519		
467	14.07054	5.10819		
466.9	14.3218	5.16101		
466.8	14.48931	5.22137		
466.7	14.74057	5.27922		
466.6	15.14258	5.40749		
466.5	15.36034	5.49049		
466.4	15.61997	5.57852		
466.3	15.84611	5.67409		
466.2	16.07224	5.75961		
466.1	16.28163	5.90045		
466	16.61664	6.00357		
465.9	16.87627	6.02118		
465.8	17.11078	6.11927		
465.7	17.36204	6.19723		
465.6	17.5798	6.3255		
465.5	17.80593	6.41605		
465.4	17.94831	6.50408		
465.3	18.46758	6.58959		
465.2	18.73559	6.68768		
465.1	19.02873	6.79332		
465	19.25486	6.89392		
464.9	19.59825	6.98195		
464.8	19.93327	7.09262		
464.7	20.1929	7.21586		
464.6	20.44416	7.32149		
464.5	20.35203	7.42209		
464.4	20.96343	7.47743		
464.3	21.21469	7.573		
464.2	21.4492	7.69876		
464.1	21.74233	7.77421		
464	21.97684	7.83709		
463.9	22.34536	7.92009		
463.8	22.63849	8.01314		
463.7	22.81438	8.1062		
463.6	23.18289	8.17663		
463.5	23.42577	8.23447		
463.4	23.71891	8.28478		
463.3	23.9953	8.36023		
463.2	24.30518	8.44071		
463.1	24.63182	8.57905		
463	24.8077	8.69474		
462.9	25.07571	8.79032		
462.8	25.4861	8.8708		
462.7	25.73736	8.95631		
462.6	26.02212	9.10973		
462.5	26.29013	9.12231		
462.4	26.53302	9.19273		
462.3	26.89316	9.26819		
462.2	27.17792	9.37885		
462.1	27.44593	9.43921		
462	27.68044	9.5197		
461.9	27.9317	9.60018		
461.8	28.33371	9.67563		
461.7	28.66035	9.76869		
461.6	29.00374	9.88187		
461.5	29.27175	9.99757		
461.4	29.55651	10.11326		
461.3	29.80777	10.23399		
461.2	30.05903	10.32705		
461.1	30.31029	10.42514		
461	30.29354	10.52071		
460.9	30.58667	10.62132		
460.8	31.24832	10.74959		
460.7	31.60846	10.86528		
460.6	31.89322	10.96337		
460.5	32.37062	11.06649		
460.4	32.57163	11.14698		
460.3	33.04902	11.24506		
460.2	33.35891	11.31549		
460.1	33.67717	11.39849		
460	34.03731	11.484		
459.9	34.39745	11.59466		
459.8	34.74083	11.70281		
459.7	35.04235	11.81348		
459.6	35.28523	11.9166		
459.5	35.62862	12.0172		
459.4	35.99713	12.13038		
459.3	36.18139	12.23602		
459.2	36.49128	12.35423		
459.1	36.77604	12.39195		
459	36.93517	12.47747		
458.9	37.52144	12.52274		
458.8	37.99046	12.58562		
458.7	38.14959	12.64095		
458.6	38.43435	12.70634		
458.5	38.73586	12.75162		
458.4	38.93687	12.79689		
458.3	39.22163	12.86983		
458.2	39.39751	12.93522		
458.1	39.61527	13.02325		
458	40.00891	13.09116		
457.9	40.34392	13.15906		
457.8	40.70406	13.13894		
457.7	41.03908	13.17667		
457.6	41.34059	13.28733		
457.5	41.61697	13.30243		
457.4	41.80123	13.3477		
457.3	42.00224	13.36279		
457.2	42.21162	13.36027		
457.1	42.45451	13.34267		
457	42.52151	13.32506		
456.9	42.62201	13.32255		
456.8	42.73089	13.30243		
456.7	42.78952	13.2647		
456.6	42.64714	13.23703		
456.5	42.77277	13.2144		
456.4	42.8649	13.17164		
456.3	43.32554	13.15655		
456.2	43.39254	13.13391		
456.1	43.66893	13.12134		
456	43.87831	13.09367		
455.9	44.07094	13.0811		
455.8	44.24682	13.04337		
455.7	44.44783	12.99558		
455.6	44.67397	12.95031		
455.5	44.9001	12.87486		
455.4	45.05923	12.79689		
455.3	45.25186	12.74659		
455.2	45.31049	12.67113		
455.1	45.37749	12.59065		
455	45.46962	12.52526		
454.9	45.52825	12.46238		
454.8	45.58688	12.35674		
454.7	45.69575	12.27877		
454.6	45.93864	12.20081		
454.5	46.18152	12.12032		
454.4	46.41603	12.02475		
454.3	46.64217	11.92414		
454.2	46.85992	11.82857		
454.1	47.06931	11.76821		
454	47.4127	11.69778		
453.9	47.63045	11.60975		
453.8	47.84821	11.5167		
453.7	48.14972	11.45885		
453.6	48.27535	11.3834		
453.5	48.46799	11.29034		
453.4	48.69412	11.19728		
453.3	48.92025	11.07152		
453.2	49.12126	10.99104		
453.1	49.27202	10.89546		
453	49.56515	10.82756		
452.9	49.84154	10.76216		
452.8	50.08442	10.6842		
452.7	50.42781	10.61629		
452.6	50.7377	10.54838		
452.5	51.04759	10.49556		
452.4	51.3826	10.43268		
452.3	51.75949	10.35471		
452.2	52.18663	10.25411		
452.1	52.53839	10.14093		
452	52.8399	10.05793		
451.9	53.10791	9.95733		
451.8	53.44293	9.89696		
451.7	53.83657	9.86427		
451.6	54.27208	9.82906		
451.5	54.89186	9.7863		
451.4	55.56188	9.71085		
451.3	56.29054	9.66809		
451.2	56.97731	9.61779		
451.1	57.48821	9.59767		
451	58.0326	9.58258		
450.9	58.6105	9.59515		
450.8	59.19677	9.60521		
450.7	59.84167	9.62282		
450.6	60.38607	9.64294		
450.5	60.98909	9.64294		
450.4	61.63399	9.66809		
450.3	62.35427	9.67815		
450.2	63.00754	9.69827		
450.1	63.76132	9.72845		
450	64.50673	9.74857		
449.9	65.21025	9.79384		
449.8	65.86353	9.8366		
449.7	66.55868	9.8693		
449.6	67.26221	9.9196		
449.5	67.96573	9.97242		
449.4	68.60226	10.0529		
449.3	69.18853	10.14344		
449.2	69.76643	10.24908		
449.1	70.31082	10.34968		
449	70.88872	10.44777		
448.9	71.44987	10.49808		
448.8	72.14502	10.59365		
448.7	72.78992	10.69677		
448.6	73.33432	10.79235		
448.5	73.94571	10.88289		
448.4	74.44823	11.00864		
448.3	74.88375	11.11931		
448.2	75.21039	11.20985		
448.1	75.6124	11.28531		
448	75.97254	11.37836		
447.9	76.35781	11.46639		
447.8	76.62582	11.57957		
447.7	76.95245	11.68772		
447.6	77.21209	11.76821		
447.5	77.49685	11.83863		
447.4	77.62248	11.89145		
447.3	77.74811	11.93672		
447.2	77.77324	11.97948		
447.1	77.97424	12.02223		
447	78.04125	12.04738		
446.9	78.10825	12.05996		
446.8	78.30926	12.07756		
446.7	78.00775	12.08511		
446.6	77.69786	12.09769		
446.5	77.50523	12.11529		
446.4	77.50523	12.13038		
446.3	77.29584	12.07505		
446.2	77.06971	11.98702		
446.1	76.7347	11.88642		
446	76.38293	11.79336		
445.9	75.96417	11.70533		
445.8	75.45327	11.65754		
445.7	74.9675	11.59466		
445.6	74.49849	11.48903		
445.5	73.87034	11.34818		
445.4	73.33432	11.17213		
445.3	72.63079	10.99104		
445.2	71.92726	10.82001		
445.1	71.09811	10.62383		
445	70.36108	10.42262		
444.9	69.51517	10.23147		
444.8	68.71114	9.97242		
444.7	67.76473	9.71839		
444.6	66.75131	9.47694		
444.5	65.62902	9.20782		
444.4	64.4481	8.95883		
444.3	63.2253	8.6872		
444.2	61.91038	8.45329		
444.1	60.59545	8.20178		
444	59.23865	7.86224		
443.9	57.89022	7.63839		
443.8	56.60042	7.36928		
443.7	55.27712	7.08759		
443.6	53.9287	6.80841		
443.5	52.61377	6.53929		
443.4	51.23184	6.26514		
443.3	49.71591	6.01363		
443.2	48.20835	5.75709		
443.1	46.67567	5.52067		
443	45.22674	5.26161		
442.9	43.7443	5.02016		
442.8	42.45451	4.78877		
442.7	40.98882	4.58505		
442.6	39.41426	4.35617		
442.5	37.99046	4.16754		
442.4	36.4159	3.94118		
442.3	35.04235	3.75003		
442.2	33.64367	3.55385		
442.1	32.25336	3.37025		
442	30.98031	3.20425		
441.9	29.77427	3.04329		
441.8	28.45097	2.87226		
441.7	27.24492	2.71381		
441.6	26.064	2.5629		
441.5	24.97521	2.39942		
441.4	23.87804	2.28121		
441.3	22.8395	2.15545		
441.2	21.83446	2.03976		
441.1	20.81267	1.89891		
441	19.85789	1.77567		
440.9	18.88635	1.68009		
440.8	17.96506	1.57949		
440.7	17.13591	1.49398		
440.6	16.29838	1.38331		
440.5	15.51947	1.27013		
440.4	14.70706	1.21983		
440.3	14.14592	1.1645		
440.2	13.35026	1.08653		
440.1	12.85612	1.02868		
440	12.20284	0.92556		
439.9	11.54957	0.87274		
439.8	10.94655	0.84759		
439.7	10.39377	0.7822		
439.6	9.908	0.73441		
439.5	9.32173	0.67153		
439.4	8.86947	0.63129		
439.3	8.52608	0.61872		
439.2	8.14081	0.56842		
439.1	7.57967	0.53572		
439	7.2949	0.48039		
438.9	6.99339	0.44266		
438.8	6.56625	0.41499		
438.7	6.29824	0.40242		
438.6	5.86273	0.3496		
438.5	5.64497	0.34457		
438.4	5.32671	0.2993		
438.3	5.03357	0.28924		
438.2	4.81581	0.23391		
438.1	4.52267	0.28924		
438	4.31329	0.20121		
437.9	4.10391	0.19115		
437.8	3.75214	0.1836		
437.7	3.59301	0.166		
437.6	3.45063	0.16348		
437.5	3.27475	0.11821		
437.4	2.97324	0.11066		
437.3	2.85598	0.10815		
437.2	2.73873	0.10312		
437.1	2.58797	0.08551		
437	2.42047	0.06288		
436.9	2.26971	0.07042		
436.8	2.13571	0.07042		
436.7	2.11896	0.07545		
436.6	1.85932	0.08803		
436.5	1.71694	0.10815		
436.4	1.8342	0.14336		
436.3	1.66669	0.17103		
436.2	1.57456	0.20875		
436.1	1.51593	0.30433		
436	1.41543	0.30684		
435.9	1.54106	0.36972		
435.8	1.31493	0.36721		
435.7	1.2563	0.42254		
435.6	1.19767	0.49045		
435.5	1.11392	0.53572		
435.4	1.07204	0.55081		
435.3	1.12229	0.58602		
435.2	0.97154	0.54075		
435.1	0.84591	0.53823		
435	0.77053	0.47536		
