nm	Orig	F5	F7	F9
487.6	0.01675	0.00252	0.02795	0.02039
487.5	0.0335	0.00503	0.02568	0.01888
487.4	0.02513	0.00252	0.02946	0.01813
487.3	0.02513	0.00755	0.02644	0.01737
487.2	0.01675	0.00755	0.03248	0.02115
487.1	0.04188	0.01258	0.03097	0.02039
487	0.02513	0.02012	0.05363	0.0219
486.9	0.05025	0.02012	0.03399	0.02039
486.8	0.0335	0.01761	0.03928	0.02266
486.7	0.0335	0.02515	0.04003	0.0219
486.6	0.04188	0.02012	0.04079	0.01964
486.5	0.04188	0.02012	0.04834	0.02039
486.4	0.04188	0.02767	0.04456	0.02341
486.3	0.04188	0.02767	0.04305	0.02039
486.2	0.02513	0.02264	0.04154	0.02039
486.1	0.04188	0.02515	0.03625	0.01964
486	0.05863	0.02767	0.02946	0.01737
485.9	0.24288	0.02515	0.03399	0.02341
485.8	0.04188	0.02264	0.04456	0.02115
485.7	0.1005	0.02767	0.03701	0.0219
485.6	0.067	0.03521	0.03928	0.02266
485.5	0.067	0.02264	0.04154	0.02039
485.4	0.23451	0.04024	0.03474	0.02115
485.3	0.09213	0.03773	0.03852	0.02417
485.2	0.08375	0.11066	0.04456	0.02266
485.1	0.10888	0.03521	0.04683	0.02417
485	0.08375	0.03521	0.04532	0.02492
484.9	0.10888	0.04276	0.05136	0.0219
484.8	0.1005	0.04024	0.05438	0.0219
484.7	0.13401	0.04527	0.05211	0.02266
484.6	0.12563	0.04276	0.05816	0.02341
484.5	0.12563	0.04527	0.05816	0.02266
484.4	0.1005	0.05533	0.05816	0.02266
484.3	0.12563	0.06791	0.05665	0.02341
484.2	0.16751	0.06791	0.05665	0.02568
484.1	0.18426	0.06288	0.05514	0.02946
484	0.15076	0.06288	0.05816	0.03021
483.9	0.19263	0.07042	0.05816	0.0287
483.8	0.16751	0.06036	0.06571	0.0355
483.7	0.15076	0.07042	0.071	0.03172
483.6	0.17588	0.07042	0.08082	0.0287
483.5	0.21776	0.07294	0.09139	0.02946
483.4	0.25964	0.08048	0.09366	0.02795
483.3	0.22613	0.1006	0.09819	0.05136
483.2	0.25126	0.07545	0.09743	0.03852
483.1	0.23451	0.07545	0.0929	0.0355
483	0.25964	0.09557	0.0929	0.05363
482.9	0.28476	0.10312	0.10196	0.0423
482.8	0.27639	0.10815	0.10347	0.05891
482.7	0.26801	0.10312	0.10574	0.04154
482.6	0.29314	0.13582	0.11027	0.04305
482.5	0.30989	0.14336	0.12009	0.04154
482.4	0.27639	0.12576	0.12311	0.04909
482.3	0.34339	0.12827	0.12311	0.05816
482.2	0.33501	0.1333	0.12462	0.04909
482.1	0.40202	0.1333	0.12462	0.05287
482	0.37689	0.14336	0.12462	0.05211
481.9	0.35176	0.14588	0.14653	0.05514
481.8	0.38526	0.15342	0.12764	0.05136
481.7	0.40202	0.16097	0.12462	0.05363
481.6	0.44389	0.18109	0.1284	0.04985
481.5	0.45227	0.18863	0.12689	0.05363
481.4	0.43552	0.18612	0.13142	0.05589
481.3	0.44389	0.19115	0.13293	0.05665
481.2	0.59465	0.19115	0.14804	0.05891
481.1	0.56952	0.19115	0.15483	0.0642
481	0.5779	0.17606	0.16692	0.06571
480.9	0.58627	0.19115	0.16088	0.06269
480.8	0.58627	0.19366	0.16843	0.06722
480.7	0.61977	0.19869	0.17523	0.07251
480.6	0.63652	0.20875	0.18429	0.08082
480.5	0.6449	0.23642	0.19109	0.07553
480.4	0.6449	0.23642	0.19109	0.07553
480.3	0.6449	0.24145	0.20468	0.08006
480.2	0.70353	0.25906	0.20619	0.07779
480.1	0.75378	0.28924	0.20619	0.07704
480	0.68678	0.30181	0.20242	0.07779
479.9	0.70353	0.3169	0.20695	0.08308
479.8	0.79566	0.31942	0.21752	0.08761
479.7	0.86266	0.3169	0.22432	0.08459
479.6	0.97991	0.34709	0.24396	0.08308
479.5	1.07204	0.33954	0.23338	0.09139
479.4	0.92966	0.34709	0.23641	0.09517
479.3	1.03854	0.35212	0.25453	0.09139
479.2	1.00504	0.35463	0.24547	0.09215
479.1	1.03016	0.37475	0.25755	0.09441
479	0.97991	0.39487	0.25755	0.10725
478.9	1.12229	0.41248	0.25982	0.12085
478.8	1.13904	0.41499	0.27493	0.1065
478.7	1.12229	0.41499	0.26813	0.11858
478.6	1.2563	0.41499	0.27266	0.11934
478.5	1.33168	0.41499	0.29079	0.12311
478.4	1.38193	0.4326	0.30589	0.12689
478.3	1.38193	0.47787	0.31496	0.13369
478.2	1.38193	0.44517	0.32402	0.13897
478.1	1.38193	0.49799	0.32402	0.1352
478	1.38193	0.51811	0.33686	0.14124
477.9	1.44893	0.51308	0.33837	0.12991
477.8	1.44056	0.5332	0.35348	0.14577
477.7	1.52431	0.55332	0.35725	0.14879
477.6	1.58294	0.55584	0.36027	0.15257
477.5	1.58294	0.55332	0.37311	0.15332
477.4	1.61644	0.57848	0.37764	0.15634
477.3	1.62481	0.56338	0.38293	0.1571
477.2	1.70857	0.58602	0.39351	0.16314
477.1	1.75044	0.63381	0.38973	0.18051
477	1.77557	0.63632	0.40181	0.17598
476.9	1.8342	0.64387	0.41616	0.18127
476.8	1.75882	0.66399	0.429	0.18656
476.7	2.05195	0.6665	0.4494	0.18882
476.6	2.07708	0.71681	0.45619	0.19864
476.5	2.07708	0.75202	0.45997	0.19864
476.4	2.11058	0.77717	0.46903	0.20015
476.3	2.31996	0.79226	0.48338	0.22054
476.2	2.15246	0.82244	0.49018	0.19789
476.1	2.20271	0.84759	0.50227	0.20468
476	2.31159	0.85765	0.51209	0.21375
475.9	2.34509	0.85765	0.52342	0.21979
475.8	2.43722	0.87777	0.55061	0.2281
475.7	2.49585	0.89035	0.57704	0.23263
475.6	2.4791	0.88783	0.58308	0.23867
475.5	2.60473	0.92556	0.59215	0.24849
475.4	2.67173	0.9482	0.60801	0.25831
475.3	2.6801	0.98844	0.61329	0.26662
475.2	2.81411	1.00353	0.61405	0.28172
475.1	2.85598	1.02617	0.62462	0.28474
475	2.85598	1.06641	0.63369	0.29154
474.9	2.85598	1.07898	0.64351	0.2923
474.8	2.97324	1.09659	0.66919	0.29683
474.7	2.91461	1.12174	0.67447	0.29985
474.6	3.14912	1.14689	0.69336	0.29607
474.5	3.41713	1.16953	0.70393	0.30514
474.4	3.35013	1.15947	0.72055	0.30589
474.3	3.39201	1.2148	0.72885	0.31118
474.2	3.52601	1.25504	0.74623	0.32175
474.1	3.56789	1.29025	0.76586	0.33308
474	3.66002	1.31037	0.78475	0.33535
473.9	3.73539	1.32798	0.79985	0.35801
473.8	3.89452	1.37325	0.82326	0.36027
473.7	3.97828	1.42858	0.84517	0.36783
473.6	4.07041	1.45625	0.86178	0.3852
473.5	4.12903	1.49901	0.892	0.39728
473.4	4.17929	1.50907	0.90559	0.40937
473.3	4.27141	1.52164	0.91843	0.42296
473.2	4.33004	1.57194	0.9358	0.429
473.1	4.43055	1.6147	0.95846	0.43807
473	4.57293	1.63231	0.9781	0.4426
472.9	4.66505	1.65494	0.99547	0.4494
472.8	4.78231	1.66249	1.00604	0.45468
472.7	4.84094	1.7304	1.02417	0.45997
472.6	5.01682	1.74297	1.04305	0.46828
472.5	5.06707	1.82346	1.05816	0.47734
472.4	5.06707	1.8637	1.06722	0.4932
472.3	5.20108	1.93161	1.0929	0.50604
472.2	5.41883	1.97185	1.12462	0.51662
472.1	5.47746	2.0146	1.15333	0.52568
472	5.62822	2.05736	1.16919	0.53928
471.9	5.75385	2.07245	1.20469	0.55514
471.8	5.81247	2.14288	1.23943	0.56949
471.7	5.88785	2.15294	1.26284	0.58761
471.6	6.06373	2.19066	1.29305	0.60045
471.5	5.92135	2.19066	1.31798	0.61707
471.4	6.31499	2.29378	1.33611	0.62538
471.3	6.49087	2.35163	1.37009	0.63218
471.2	6.59138	2.3969	1.38822	0.63369
471.1	6.72538	2.43966	1.4207	0.64653
471	6.92639	2.49499	1.45015	0.65635
470.9	7.05202	2.54026	1.4917	0.6707
470.8	7.24465	2.60063	1.51435	0.68429
470.7	7.27815	2.62326	1.54985	0.6926
470.6	7.41216	2.66099	1.56873	0.70393
470.5	7.61317	2.73896	1.58006	0.71677
470.4	7.8058	2.79429	1.61481	0.72281
470.3	7.89793	2.83956	1.63747	0.73414
470.2	8.04031	2.92256	1.66012	0.74547
470.1	8.18269	2.97538	1.67599	0.75529
470	8.35857	3.02065	1.71904	0.77191
469.9	8.5177	3.0785	1.76511	0.78248
469.8	8.72709	3.11874	1.80514	0.79607
469.7	8.76896	3.19671	1.84215	0.81345
469.6	9.03697	3.26965	1.86934	0.83082
469.5	9.23798	3.40798	1.9071	0.85046
469.4	9.43061	3.39289	1.94109	0.8565
469.3	9.54787	3.4281	1.98263	0.85197
469.2	9.7405	3.48343	2.01662	0.86481
469.1	9.94988	3.51864	2.05212	0.90408
469	10.09226	3.58655	2.0778	0.92674
468.9	10.21789	3.64943	2.10423	0.94789
468.8	10.32677	3.73243	2.13747	0.96677
468.7	10.64503	3.79782	2.17976	0.98716
468.6	10.86279	3.89842	2.21602	1.00529
468.5	11.02192	3.97891	2.23717	1.02191
468.4	11.18943	4.03927	2.27644	1.0355
468.3	11.41556	4.11472	2.31723	1.04834
468.2	11.55794	4.17005	2.36179	1.05891
468.1	11.6752	4.25305	2.39653	1.07629
468	11.79245	4.31845	2.43656	1.09517
467.9	12.07721	4.38635	2.47961	1.11858
467.8	12.3201	4.44672	2.51738	1.14124
467.7	12.47085	4.54229	2.56572	1.16163
467.6	12.72211	4.61271	2.61179	1.1707
467.5	12.97337	4.70326	2.6639	1.19109
467.4	13.11575	4.7762	2.71224	1.21224
467.3	13.43402	4.85417	2.75076	1.23339
467.2	13.66015	4.93214	2.78777	1.25831
467.1	13.87791	5.02519	2.8278	1.28475
467	14.07054	5.10819	2.86254	1.30665
466.9	14.3218	5.16101	2.89502	1.31722
466.8	14.48931	5.22137	2.92976	1.34215
466.7	14.74057	5.27922	2.97735	1.3633
466.6	15.14258	5.40749	3.02267	1.38218
466.5	15.36034	5.49049	3.05061	1.40937
466.4	15.61997	5.57852	3.11859	1.42901
466.3	15.84611	5.67409	3.16466	1.45091
466.2	16.07224	5.75961	3.20922	1.46904
466.1	16.28163	5.90045	3.26058	1.48792
466	16.61664	6.00357	3.31949	1.49623
465.9	16.87627	6.02118	3.38596	1.50831
465.8	17.11078	6.11927	3.43807	1.5287
465.7	17.36204	6.19723	3.49321	1.54985
465.6	17.5798	6.3255	3.5423	1.56949
465.5	17.80593	6.41605	3.59291	1.59366
465.4	17.94831	6.50408	3.64276	1.6284
465.3	18.46758	6.58959	3.69714	1.65937
465.2	18.73559	6.68768	3.75001	1.69411
465.1	19.02873	6.79332	3.79533	1.71526
465	19.25486	6.89392	3.83158	1.73112
464.9	19.59825	6.98195	3.87614	1.76284
464.8	19.93327	7.09262	3.92373	1.79003
464.7	20.1929	7.21586	3.97282	1.7923
464.6	20.44416	7.32149	4.03853	1.80514
464.5	20.35203	7.42209	4.09593	1.82704
464.4	20.96343	7.47743	4.15711	1.8346
464.3	21.21469	7.573	4.21678	1.85952
464.2	21.4492	7.69876	4.27191	1.88671
464.1	21.74233	7.77421	4.32554	1.9139
464	21.97684	7.83709	4.3701	1.94487
463.9	22.34536	7.92009	4.41542	1.96753
463.8	22.63849	8.01314	4.45469	1.98868
463.7	22.81438	8.1062	4.50983	2.01284
463.6	23.18289	8.17663	4.56572	2.03097
463.5	23.42577	8.23447	4.61633	2.05136
463.4	23.71891	8.28478	4.66617	2.07251
463.3	23.9953	8.36023	4.71753	2.08384
463.2	24.30518	8.44071	4.76058	2.09593
463.1	24.63182	8.57905	4.79608	2.11103
463	24.8077	8.69474	4.83234	2.13445
462.9	25.07571	8.79032	4.86482	2.15635
462.8	25.4861	8.8708	4.90031	2.18203
462.7	25.73736	8.95631	4.94488	2.20469
462.6	26.02212	9.10973	4.99095	2.24396
462.5	26.29013	9.12231	5.03853	2.2417
462.4	26.53302	9.19273	5.09367	2.26209
462.3	26.89316	9.26819	5.15334	2.27871
462.2	27.17792	9.37885	5.20772	2.2923
462.1	27.44593	9.43921	5.26361	2.31949
462	27.68044	9.5197	5.31648	2.32856
461.9	27.9317	9.60018	5.37312	2.34366
461.8	28.33371	9.67563	5.42222	2.36934
461.7	28.66035	9.76869	5.48491	2.38747
461.6	29.00374	9.88187	5.5476	2.40559
461.5	29.27175	9.99757	5.61633	2.41995
461.4	29.55651	10.11326	5.67071	2.4343
461.3	29.80777	10.23399	5.70696	2.44638
461.2	30.05903	10.32705	5.73566	2.45544
461.1	30.31029	10.42514	5.76814	2.47282
461	30.29354	10.52071	5.79835	2.48868
460.9	30.58667	10.62132	5.84896	2.51587
460.8	31.24832	10.74959	5.90258	2.54834
460.7	31.60846	10.86528	5.94412	2.56496
460.6	31.89322	10.96337	5.98264	2.58233
460.5	32.37062	11.06649	6.02947	2.60348
460.4	32.57163	11.14698	6.07328	2.61859
460.3	33.04902	11.24506	6.11859	2.62312
460.2	33.35891	11.31549	6.17675	2.63973
460.1	33.67717	11.39849	6.23038	2.65711
460	34.03731	11.484	6.28174	2.67599
459.9	34.39745	11.59466	6.32856	2.6926
459.8	34.74083	11.70281	6.36784	2.70771
459.7	35.04235	11.81348	6.40183	2.72282
459.6	35.28523	11.9166	6.43355	2.74019
459.5	35.62862	12.0172	6.46376	2.75831
459.4	35.99713	12.13038	6.50681	2.77569
459.3	36.18139	12.23602	6.55289	2.80816
459.2	36.49128	12.35423	6.60802	2.81874
459.1	36.77604	12.39195	6.66769	2.82176
459	36.93517	12.47747	6.72736	2.82327
458.9	37.52144	12.52274	6.75379	2.81723
458.8	37.99046	12.58562	6.77947	2.82025
458.7	38.14959	12.64095	6.7976	2.82025
458.6	38.43435	12.70634	6.81875	2.821
458.5	38.73586	12.75162	6.84065	2.82402
458.4	38.93687	12.79689	6.86633	2.82025
458.3	39.22163	12.86983	6.91542	2.82327
458.2	39.39751	12.93522	6.94866	2.82176
458.1	39.61527	13.02325	6.97132	2.82251
458	40.00891	13.09116	6.98718	2.82402
457.9	40.34392	13.15906	6.99397	2.82176
457.8	40.70406	13.13894	6.99246	2.81496
457.7	41.03908	13.17667	6.97811	2.8127
457.6	41.34059	13.28733	6.97358	2.80816
457.5	41.61697	13.30243	6.95621	2.80514
457.4	41.80123	13.3477	6.94186	2.79004
457.3	42.00224	13.36279	6.93355	2.78853
457.2	42.21162	13.36027	6.91165	2.76889
457.1	42.45451	13.34267	6.90636	2.75529
457	42.52151	13.32506	6.89579	2.74396
456.9	42.62201	13.32255	6.89277	2.72584
456.8	42.73089	13.30243	6.87766	2.71224
456.7	42.78952	13.2647	6.86104	2.69109
456.6	42.64714	13.23703	6.83461	2.66466
456.5	42.77277	13.2144	6.79911	2.6284
456.4	42.8649	13.17164	6.7621	2.58837
456.3	43.32554	13.15655	6.72585	2.55967
456.2	43.39254	13.13391	6.68582	2.5136
456.1	43.66893	13.12134	6.64352	2.48868
456	43.87831	13.09367	6.57554	2.45998
455.9	44.07094	13.0811	6.52041	2.43203
455.8	44.24682	13.04337	6.48189	2.39049
455.7	44.44783	12.99558	6.4192	2.35424
455.6	44.67397	12.95031	6.36935	2.31723
455.5	44.9001	12.87486	6.32554	2.29079
455.4	45.05923	12.79689	6.28098	2.24623
455.3	45.25186	12.74659	6.23264	2.21904
455.2	45.31049	12.67113	6.17071	2.18656
455.1	45.37749	12.59065	6.10122	2.15257
455	45.46962	12.52526	6.02796	2.11556
454.9	45.52825	12.46238	5.95016	2.07856
454.8	45.58688	12.35674	5.88823	2.04381
454.7	45.69575	12.27877	5.82403	2.00529
454.6	45.93864	12.20081	5.76512	1.96904
454.5	46.18152	12.12032	5.70016	1.93203
454.4	46.41603	12.02475	5.6337	1.90182
454.3	46.64217	11.92414	5.55137	1.86632
454.2	46.85992	11.82857	5.47509	1.82704
454.1	47.06931	11.76821	5.39805	1.79834
454	47.4127	11.69778	5.31648	1.76738
453.9	47.63045	11.60975	5.23113	1.72659
453.8	47.84821	11.5167	5.14654	1.68883
453.7	48.14972	11.45885	5.06421	1.6488
453.6	48.27535	11.3834	4.99397	1.60801
453.5	48.46799	11.29034	4.93128	1.5642
453.4	48.69412	11.19728	4.87992	1.5287
453.3	48.92025	11.07152	4.82554	1.48943
453.2	49.12126	10.99104	4.76587	1.45242
453.1	49.27202	10.89546	4.69639	1.42221
453	49.56515	10.82756	4.61708	1.38293
452.9	49.84154	10.76216	4.53853	1.34064
452.8	50.08442	10.6842	4.45167	1.30816
452.7	50.42781	10.61629	4.36708	1.27719
452.6	50.7377	10.54838	4.27569	1.25076
452.5	51.04759	10.49556	4.19941	1.22659
452.4	51.3826	10.43268	4.13294	1.20091
452.3	51.75949	10.35471	4.07252	1.17523
452.2	52.18663	10.25411	4.01965	1.14804
452.1	52.53839	10.14093	3.96829	1.11858
452	52.8399	10.05793	3.91542	1.08535
451.9	53.10791	9.95733	3.85122	1.03777
451.8	53.44293	9.89696	3.78853	1.0204
451.7	53.83657	9.86427	3.71678	0.99169
451.6	54.27208	9.82906	3.64578	0.96224
451.5	54.89186	9.7863	3.58687	0.93203
451.4	55.56188	9.71085	3.53626	0.90786
451.3	56.29054	9.66809	3.49094	0.87236
451.2	56.97731	9.61779	3.44865	0.85801
451.1	57.48821	9.59767	3.40862	0.83006
451	58.0326	9.58258	3.36632	0.8074
450.9	58.6105	9.59515	3.32025	0.78248
450.8	59.19677	9.60521	3.28475	0.7636
450.7	59.84167	9.62282	3.25303	0.74169
450.6	60.38607	9.64294	3.23113	0.72206
450.5	60.98909	9.64294	3.19412	0.70544
450.4	61.63399	9.66809	3.16919	0.69487
450.3	62.35427	9.67815	3.1352	0.68429
450.2	63.00754	9.69827	3.10046	0.66919
450.1	63.76132	9.72845	3.05665	0.66088
450	64.50673	9.74857	3.02342	0.65106
449.9	65.21025	9.79384	3.00001	0.63746
449.8	65.86353	9.8366	2.98943	0.62085
449.7	66.55868	9.8693	2.9849	0.61254
449.6	67.26221	9.9196	2.98112	0.59668
449.5	67.96573	9.97242	2.96828	0.58157
449.4	68.60226	10.0529	2.95091	0.57251
449.3	69.18853	10.14344	2.94185	0.55061
449.2	69.76643	10.24908	2.92448	0.53172
449.1	70.31082	10.34968	2.91617	0.52493
449	70.88872	10.44777	2.91919	0.52039
448.9	71.44987	10.49808	2.91164	0.52568
448.8	72.14502	10.59365	2.90409	0.52342
448.7	72.78992	10.69677	2.89729	0.51813
448.6	73.33432	10.79235	2.89955	0.51888
448.5	73.94571	10.88289	2.90635	0.51133
448.4	74.44823	11.00864	2.9139	0.50604
448.3	74.88375	11.11931	2.92901	0.49925
448.2	75.21039	11.20985	2.94336	0.49622
448.1	75.6124	11.28531	2.95922	0.48414
448	75.97254	11.37836	2.97357	0.48338
447.9	76.35781	11.46639	2.98037	0.48263
447.8	76.62582	11.57957	2.98943	0.4849
447.7	76.95245	11.68772	3.00454	0.48263
447.6	77.21209	11.76821	3.01964	0.48036
447.5	77.49685	11.83863	3.0272	0.47508
447.4	77.62248	11.89145	3.03928	0.47357
447.3	77.74811	11.93672	3.0423	0.46979
447.2	77.77324	11.97948	3.04608	0.46677
447.1	77.97424	12.02223	3.04835	0.46299
447	78.04125	12.04738	3.06798	0.46375
446.9	78.10825	12.05996	3.06119	0.46828
446.8	78.30926	12.07756	3.05061	0.46601
446.7	78.00775	12.08511	3.04986	0.46903
446.6	77.69786	12.09769	3.03928	0.46375
446.5	77.50523	12.11529	3.03475	0.46677
446.4	77.50523	12.13038	3.02569	0.46752
446.3	77.29584	12.07505	3.01511	0.46148
446.2	77.06971	11.98702	3.01209	0.45393
446.1	76.7347	11.88642	2.97735	0.44713
446	76.38293	11.79336	2.95016	0.43958
445.9	75.96417	11.70533	2.91919	0.42825
445.8	75.45327	11.65754	2.89578	0.41994
445.7	74.9675	11.59466	2.87085	0.41692
445.6	74.49849	11.48903	2.83838	0.41088
445.5	73.87034	11.34818	2.80137	0.40181
445.4	73.33432	11.17213	2.76285	0.39502
445.3	72.63079	10.99104	2.72584	0.39199
445.2	71.92726	10.82001	2.67674	0.38595
445.1	71.09811	10.62383	2.6284	0.37311
445	70.36108	10.42262	2.56798	0.36556
444.9	69.51517	10.23147	2.50454	0.3565
444.8	68.71114	9.97242	2.44336	0.34215
444.7	67.76473	9.71839	2.37765	0.32628
444.6	66.75131	9.47694	2.321	0.31798
444.5	65.62902	9.20782	2.2568	0.30967
444.4	64.4481	8.95883	2.20393	0.29683
444.3	63.2253	8.6872	2.13898	0.2855
444.2	61.91038	8.45329	2.07176	0.27266
444.1	60.59545	8.20178	2.00529	0.26586
444	59.23865	7.86224	1.92901	0.2568
443.9	57.89022	7.63839	1.85121	0.24698
443.8	56.60042	7.36928	1.78626	0.24094
443.7	55.27712	7.08759	1.70544	0.23036
443.6	53.9287	6.80841	1.63369	0.21828
443.5	52.61377	6.53929	1.55514	0.21148
443.4	51.23184	6.26514	1.48339	0.19713
443.3	49.71591	6.01363	1.41994	0.1926
443.2	48.20835	5.75709	1.35801	0.20242
443.1	46.67567	5.52067	1.28399	0.17372
443	45.22674	5.26161	1.2281	0.16163
442.9	43.7443	5.02016	1.17825	0.16767
442.8	42.45451	4.78877	1.13067	0.13822
442.7	40.98882	4.58505	1.07175	0.13066
442.6	39.41426	4.35617	1.02191	0.1216
442.5	37.99046	4.16754	0.9713	0.11405
442.4	36.4159	3.94118	0.91617	0.11178
442.3	35.04235	3.75003	0.86934	0.10121
442.2	33.64367	3.55385	0.82553	0.08988
442.1	32.25336	3.37025	0.77946	0.0861
442	30.98031	3.20425	0.74169	0.07855
441.9	29.77427	3.04329	0.69864	0.06647
441.8	28.45097	2.87226	0.64955	0.06269
441.7	27.24492	2.71381	0.61103	0.0574
441.6	26.064	2.5629	0.57024	0.05136
441.5	24.97521	2.39942	0.53474	0.04305
441.4	23.87804	2.28121	0.48187	0.04305
441.3	22.8395	2.15545	0.45242	0.03776
441.2	21.83446	2.03976	0.43731	0.03399
441.1	20.81267	1.89891	0.4003	0.0287
441	19.85789	1.77567	0.38444	0.02417
440.9	18.88635	1.68009	0.36254	0.02266
440.8	17.96506	1.57949	0.33686	0.02039
440.7	17.13591	1.49398	0.31949	0.02492
440.6	16.29838	1.38331	0.29758	0.02266
440.5	15.51947	1.27013	0.26586	0.02341
440.4	14.70706	1.21983	0.24396	0.0219
440.3	14.14592	1.1645	0.25151	0.02719
440.2	13.35026	1.08653	0.24018	0.02341
440.1	12.85612	1.02868	0.22281	0.0219
440	12.20284	0.92556	0.20921	0.01964
439.9	11.54957	0.87274	0.1858	0.01511
439.8	10.94655	0.84759	0.16918	0.01511
439.7	10.39377	0.7822	0.15257	0.01435
439.6	9.908	0.73441	0.12915	0.01208
439.5	9.32173	0.67153	0.12689	0.0068
439.4	8.86947	0.63129	0.12387	0.01057
439.3	8.52608	0.61872	0.11858	0.01057
439.2	8.14081	0.56842	0.11178	0.01057
439.1	7.57967	0.53572	0.09592	0.01133
439	7.2949	0.48039	0.09517	0.00906
438.9	6.99339	0.44266	0.0929	0.00906
438.8	6.56625	0.41499	0.08233	0.00982
438.7	6.29824	0.40242	0.07251	0.01133
438.6	5.86273	0.3496	0.06042	0.01133
438.5	5.64497	0.34457	0.05816	0.0136
438.4	5.32671	0.2993	0.05514	0.01057
438.3	5.03357	0.28924	0.05665	0.00906
438.2	4.81581	0.23391	0.04532	0.01057
438.1	4.52267	0.28924	0.03625	0.00831
438	4.31329	0.20121	0.0355	0.00906
437.9	4.10391	0.19115	0.03776	0.02039
437.8	3.75214	0.1836	0.03323	0.0136
437.7	3.59301	0.166	0.02946	0.01133
437.6	3.45063	0.16348	0.02266	0.00604
437.5	3.27475	0.11821	0.0219	0.01435
437.4	2.97324	0.11066	0.02115	0.01133
437.3	2.85598	0.10815	0.02417	0.01133
437.2	2.73873	0.10312	0.02341	0.00755
437.1	2.58797	0.08551	0.03248	0.00982
437	2.42047	0.06288	0.02492	0.01133
436.9	2.26971	0.07042	0.02946	0.01888
436.8	2.13571	0.07042	0.04305	0.02946
436.7	2.11896	0.07545	0.06798	0.05211
436.6	1.85932	0.08803	0.10423	0.0861
436.5	1.71694	0.10815	0.13746	0.12991
436.4	1.8342	0.14336	0.18505	0.16843
436.3	1.66669	0.17103	0.23716	0.21979
436.2	1.57456	0.20875	0.28248	0.27266
436.1	1.51593	0.30433	0.34139	0.31496
436	1.41543	0.30684	0.39426	0.36934
435.9	1.54106	0.36972	0.45468	0.42447
435.8	1.31493	0.36721	0.50604	0.47961
435.7	1.2563	0.42254	0.5219	0.53097
435.6	1.19767	0.49045	0.5997	0.58384
435.5	1.11392	0.53572	0.63822	0.62462
435.4	1.07204	0.55081	0.65332	0.65332
435.3	1.12229	0.58602	0.65635	0.64048
435.2	0.97154	0.54075	0.65257	0.67447
435.1	0.84591	0.53823	0.62311	0.63595
435	0.77053	0.47536	0.58535	0.59743
