nm	F0	F5	F9	F10
2500	19.9412	3.93640	1.33301	0.26086
2499	21.5030	4.28817	1.37325	0.28654
2498	21.7540	4.26304	1.34558	0.29711
2497	21.6703	4.24629	1.29528	0.29409
2496	21.8935	4.21279	1.28019	0.28956
2495	21.6703	4.25466	1.2651	0.27521
2494	21.9492	4.24629	1.26259	0.25784
2493	22.0608	4.26304	1.27768	0.23216
2492	22.2839	4.18766	1.28522	0.21705
2491	22.2560	4.19604	1.29528	0.21479
2490	22.3955	4.22954	1.33049	0.21781
2489	22.3955	4.24629	1.38583	0.23971
2488	22.5628	4.25466	1.45625	0.2669
2487	22.7302	4.33004	1.4814	0.29334
2486	22.7859	4.38029	1.52416	0.31902
2485	22.9812	4.48080	1.59207	0.33563
2484	23.0927	4.51430	1.62728	0.34847
2483	23.2880	4.59805	1.68009	0.34923
2482	23.5669	4.60643	1.72034	0.34923
2481	23.7063	4.72368	1.748	0.35225
2480	23.9015	4.75718	1.76561	0.35829
2479	24.0689	4.76556	1.75052	0.36887
2478	24.2362	4.79906	1.72788	0.39077
2477	24.3478	4.86606	1.70776	0.41041
2476	24.5988	4.91631	1.67506	0.42174
2475	24.8777	4.98332	1.64488	0.42476
2474	25.0450	5.03357	1.6147	0.42325
2473	25.3797	5.06707	1.58704	0.41645
2472	25.5749	5.11732	1.57194	0.41192
2471	25.9933	5.16757	1.55685	0.42098
2470	26.0769	5.11732	1.54679	0.44062
2469	26.1327	5.14245	1.57949	0.46554
2468	26.3279	5.14245	1.58201	0.50482
2467	26.3837	5.18432	1.60716	0.54107
2466	26.6905	5.16757	1.65746	0.57808
2465	26.9136	5.13407	1.68261	0.6166
2464	27.3041	5.20945	1.73291	0.63926
2463	27.3041	5.29320	1.75303	0.65134
2462	27.6667	5.30158	1.79579	0.6521
2461	27.6667	5.38533	1.82094	0.6453
2460	27.7224	5.45233	1.85867	0.62944
2459	27.9456	5.45233	1.87376	0.62944
2458	28.1966	5.58634	1.89639	0.61736
2457	28.5034	5.65334	1.89891	0.59621
2456	28.5312	5.74547	1.90645	0.57204
2455	28.6707	5.80410	1.89639	0.54258
2454	28.8938	5.89623	1.89891	0.49878
2453	29.1448	5.96323	1.90142	0.4595
2452	29.3122	5.94648	1.87376	0.42174
2451	29.5074	5.99673	1.8637	0.39228
2450	29.5632	5.95485	1.86873	0.35678
2449	29.6189	5.97160	1.87376	0.32204
2448	29.8421	5.94648	1.87627	0.28578
2447	29.9815	5.95485	1.89136	0.26464
2446	30.1489	5.94648	1.92658	0.25406
2445	30.2046	5.96323	1.92909	0.26388
2444	30.3162	5.89623	1.94167	0.28125
2443	30.3441	5.92135	1.95424	0.30165
2442	30.3720	5.91298	1.9643	0.33412
2441	30.3999	5.94648	1.96682	0.36811
2440	30.4835	6.03023	1.96933	0.40512
2439	30.7624	6.04698	1.9643	0.44968
2438	30.8182	6.04698	1.94921	0.49047
2437	30.7624	6.03861	1.94167	0.53276
2436	31.0413	6.08886	1.914	0.56826
2435	31.2644	6.07211	1.89136	0.59092
2434	31.4318	6.09723	1.87376	0.59017
2433	31.4318	6.07211	1.90897	0.58488
2432	31.4318	6.08048	1.94167	0.5743
2431	31.6270	6.15586	1.99951	0.57053
2430	31.5991	6.20611	2.08503	0.58035
2429	31.8222	6.30662	2.14288	0.60603
2428	31.9059	6.37362	2.2133	0.63397
2427	32.1569	6.50763	2.28372	0.65965
2426	32.4358	6.55788	2.35414	0.674
2425	32.7426	6.65838	2.40696	0.67702
2424	33.0494	6.75889	2.44217	0.67023
2423	33.1888	6.84264	2.48745	0.66418
2422	33.6351	6.92639	2.5126	0.66418
2421	33.8303	6.95989	2.51763	0.67476
2420	34.1092	7.09390	2.51763	0.69742
2419	34.4160	7.10227	2.5126	0.72461
2418	34.7228	7.11902	2.4799	0.74878
2417	35.0296	7.20278	2.46229	0.76464
2416	35.3921	7.26140	2.45475	0.75633
2415	35.6153	7.27815	2.42457	0.73216
2414	35.9778	7.40378	2.42457	0.69364
2413	36.1173	7.47916	2.44217	0.65965
2412	36.2567	7.55454	2.46732	0.63171
2411	36.4241	7.71367	2.50757	0.62189
2410	36.8703	7.73042	2.55284	0.62642
2409	37.1213	7.81417	2.63584	0.62189
2408	37.5675	7.95656	2.6962	0.62189
2407	37.5118	7.92305	2.75405	0.61962
2406	37.9580	7.99843	2.7792	0.61207
2405	38.2369	8.04031	2.81189	0.5947
2404	38.3485	8.04868	2.83705	0.57279
2403	38.6553	8.07381	2.86974	0.54938
2402	38.9899	8.21619	2.89992	0.51992
2401	39.2967	8.27482	2.93514	0.4882
2400	39.4361	8.35020	2.96532	0.46932
2399	39.7987	8.41720	2.99801	0.46554
2398	40.1334	8.42557	3.04329	0.47385
2397	40.4123	8.52608	3.08604	0.49198
2396	40.7749	8.65171	3.11119	0.50633
2395	41.0817	8.75221	3.15898	0.52899
2394	41.4163	8.90297	3.17659	0.54258
2393	41.9741	8.97835	3.18916	0.56298
2392	42.3646	9.13748	3.1791	0.5811
2391	42.5877	9.27148	3.2118	0.60678
2390	42.9782	9.38036	3.24701	0.63095
2389	43.2292	9.48924	3.28725	0.64606
2388	43.6196	9.52274	3.31492	0.65965
2387	43.8428	9.61487	3.37277	0.66569
2386	44.1774	9.65675	3.41049	0.67325
2385	44.5958	9.71537	3.43313	0.67778
2384	44.9026	9.76563	3.46079	0.68004
2383	45.0420	9.79913	3.45828	0.68986
2382	45.5998	9.82425	3.48092	0.69666
2381	45.9903	9.86613	3.49852	0.70497
2380	46.3250	9.89125	3.53625	0.71554
2379	46.6596	10.0168	3.54128	0.72914
2378	47.0780	10.0587	3.55385	0.72083
2377	47.3848	10.1927	3.54882	0.7027
2376	47.7752	10.2513	3.5111	0.66796
2375	48.1936	10.3686	3.4784	0.61811
2374	48.4446	10.5026	3.45073	0.57506
2373	48.6677	10.6199	3.4457	0.53578
2372	49.0581	10.6785	3.41049	0.49878
2371	49.4765	10.7622	3.41301	0.47763
2370	49.5602	10.9214	3.41552	0.48291
2369	50.0343	10.9716	3.43816	0.49802
2368	50.2574	10.9800	3.46331	0.52143
2367	50.7036	11.1056	3.52619	0.55995
2366	50.9546	11.2145	3.60416	0.59319
2365	51.2057	11.3066	3.68967	0.61736
2364	51.5403	11.3736	3.76512	0.64304
2363	52.0145	11.4323	3.84812	0.66872
2362	52.2376	11.5076	3.91603	0.69591
2361	52.3212	11.6333	3.9613	0.71705
2360	52.7675	11.7003	3.994	0.7314
2359	53.2695	11.7673	4.03172	0.7518
2358	53.6042	11.7757	4.04933	0.7586
2357	53.9668	11.8092	4.04681	0.77219
2356	54.5524	11.8427	4.05184	0.78125
2355	54.9150	11.9013	4.02921	0.79938
2354	55.3334	11.9683	4.02418	0.81222
2353	55.7796	12.0604	4.03424	0.82506
2352	56.0585	12.0855	4.06694	0.83639
2351	56.3095	12.2195	4.0946	0.84621
2350	56.7000	12.3201	4.11221	0.85527
2349	57.0068	12.4206	4.13987	0.84772
2348	57.2299	12.5211	4.14742	0.84168
2347	57.6761	12.6886	4.15999	0.82582
2346	57.9271	12.7556	4.1776	0.79938
2345	58.2339	12.7974	4.17508	0.77823
2344	58.4570	12.8644	4.18766	0.75708
2343	58.8475	12.9566	4.23293	0.7518
2342	59.1543	13.0320	4.27317	0.76766
2341	59.4053	13.0571	4.31342	0.7956
2340	59.6842	13.0571	4.3612	0.83186
2339	60.1304	13.0655	4.38887	0.87718
2338	60.4093	13.0236	4.40647	0.91872
2337	60.7161	13.1241	4.43414	0.93609
2336	61.0508	13.1325	4.4266	0.9444
2335	61.2181	13.1911	4.4266	0.94364
2334	61.4970	13.2665	4.43414	0.93307
2333	61.9711	13.4507	4.4115	0.91872
2332	62.1664	13.5345	4.42157	0.89908
2331	62.4174	13.6099	4.41905	0.87566
2330	62.7520	13.7439	4.43666	0.84168
2329	63.1146	13.8695	4.43917	0.8092
2328	63.1983	13.9784	4.4266	0.77974
2327	63.5051	14.0872	4.42157	0.74349
2326	63.8119	14.1124	4.39138	0.72159
2325	63.9234	14.1626	4.37881	0.70195
2324	64.3976	14.2213	4.36372	0.71026
2323	64.5370	14.2631	4.37378	0.73971
2322	64.7880	14.3469	4.37629	0.78579
2321	65.0390	14.3636	4.39893	0.83412
2320	65.1227	14.4390	4.43414	0.88775
2319	65.2621	14.4139	4.48444	0.91569
2318	65.6247	14.4306	4.53223	0.93609
2317	65.6526	14.3888	4.57247	0.94893
2316	65.8478	14.4223	4.60014	0.95421
2315	65.9594	14.3301	4.60265	0.96177
2314	66.2383	14.3720	4.62026	0.97536
2313	66.3777	14.4474	4.58505	0.99727
2312	66.2662	14.4809	4.58505	1.01993
2311	66.4056	14.5311	4.57247	1.04334
2310	66.4335	14.5395	4.58002	1.06222
2309	66.6287	14.5395	4.56744	1.0811
2308	66.7961	14.6149	4.56241	1.08941
2307	66.6845	14.6316	4.59511	1.09243
2306	66.9355	14.6316	4.63032	1.09319
2305	67.0750	14.5981	4.70326	1.08564
2304	67.1029	14.5981	4.77871	1.08337
2303	67.2144	14.6149	4.83153	1.08412
2302	67.2702	14.6651	4.88938	1.09017
2301	67.3539	14.6400	4.92962	1.10754
2300	67.8001	14.6149	4.94723	1.12944
2299	67.8001	14.7154	4.94471	1.15588
2298	68.0511	14.7321	4.93465	1.17702
2297	68.1069	14.7740	4.93968	1.17929
2296	68.2463	14.8913	4.97489	1.1657
2295	68.6647	15.0085	4.98747	1.14983
2294	68.6647	15.1425	5.01262	1.1453
2293	69.1946	15.2347	5.02519	1.14606
2292	69.4177	15.2514	5.05789	1.17023
2291	69.8082	15.3435	5.08807	1.19742
2290	69.8361	15.4524	5.1258	1.20422
2289	70.0871	15.5027	5.15598	1.19666
2288	70.3102	15.5781	5.18616	1.17098
2287	70.5891	15.6702	5.20377	1.14304
2286	70.7564	15.6953	5.21383	1.11056
2285	70.8401	15.7539	5.2088	1.08866
2284	71.0074	15.8293	5.18616	1.09168
2283	71.3979	15.8544	5.16604	1.09696
2282	71.4537	15.9131	5.15598	1.11207
2281	71.4816	15.9549	5.13083	1.12113
2280	71.8720	15.9298	5.10065	1.12113
2279	71.9836	15.9214	5.08556	1.11056
2278	72.0394	15.9884	5.05538	1.10678
2277	72.2067	15.9968	5.07801	1.10225
2276	72.5972	16.0471	5.10316	1.11962
2275	72.5693	16.0387	5.14843	1.13246
2274	72.5693	16.0638	5.2264	1.14379
2273	72.7366	16.0303	5.29431	1.15965
2272	72.8203	15.9968	5.36222	1.16721
2271	72.7087	16.0136	5.41001	1.16947
2270	72.8203	16.0136	5.4251	1.17476
2269	72.9039	16.0303	5.41001	1.17098
2268	72.9876	16.0303	5.38234	1.16116
2267	72.8203	16.0554	5.33958	1.13624
2266	72.9597	16.0387	5.30689	1.08941
2265	72.9597	16.0889	5.29683	1.03579
2264	73.0713	16.0806	5.28677	0.99802
2263	73.0992	16.0638	5.28174	0.97536
2262	73.2665	16.0638	5.29934	0.98216
2261	73.3223	16.0638	5.28174	1.02144
2260	73.3502	16.1057	5.28677	1.07884
2259	73.6012	16.0554	5.32449	1.14077
2258	73.7128	16.1308	5.35719	1.19289
2257	73.8243	16.1811	5.40498	1.21932
2256	74.2148	16.2146	5.4427	1.22763
2255	74.2984	16.2816	5.44773	1.22008
2254	74.4379	16.3905	5.4754	1.20497
2253	74.5494	16.4072	5.48294	1.174
2252	74.9120	16.4575	5.493	1.14002
2251	75.0794	16.5161	5.50055	1.0947
2250	75.3583	16.5161	5.51816	1.06751
2249	75.3861	16.5580	5.54331	1.04636
2248	75.6371	16.6250	5.5584	1.02899
2247	75.9718	16.5747	5.58355	1.02446
2246	76.1392	16.5915	5.60618	1.02219
2245	76.2507	16.6250	5.61876	1.01841
2244	76.4460	16.6333	5.65146	1.02446
2243	76.6691	16.6585	5.66906	1.03654
2242	76.9201	16.7171	5.68164	1.05089
2241	77.0037	16.7422	5.72439	1.07959
2240	77.2827	16.7422	5.72439	1.11207
2239	77.3105	16.8092	5.76212	1.15739
2238	77.5894	16.9349	5.7747	1.20875
2237	77.7568	16.9432	5.77721	1.26388
2236	77.8126	16.9767	5.79482	1.32053
2235	78.0915	17.0354	5.78224	1.35603
2234	78.1194	17.0856	5.79482	1.37567
2233	78.2309	17.1442	5.7923	1.37567
2232	78.3982	17.1442	5.78476	1.35754
2231	78.6771	17.1777	5.75709	1.3311
2230	78.9839	17.1861	5.75206	1.30467
2229	79.0676	17.1861	5.73445	1.29032
2228	79.1792	17.2112	5.72439	1.27899
2227	79.4302	17.2029	5.69421	1.26917
2226	79.4860	17.1945	5.65397	1.27219
2225	79.6812	17.2280	5.63134	1.27748
2224	80.0437	17.2280	5.59864	1.29032
2223	80.3227	17.2112	5.59612	1.31751
2222	80.5179	17.3034	5.58103	1.35225
2221	80.8526	17.3704	5.58858	1.38171
2220	81.0199	17.4122	5.61121	1.40739
2219	81.2988	17.4039	5.6263	1.41796
2218	81.4103	17.4793	5.64391	1.40286
2217	81.5219	17.5546	5.64643	1.37567
2216	81.8008	17.6384	5.659	1.34092
2215	81.9681	17.6719	5.67912	1.31373
2214	82.3307	17.7305	5.66655	1.30165
2213	82.5259	17.6970	5.68667	1.30014
2212	82.7212	17.7221	5.69421	1.30845
2211	83.0279	17.7221	5.72691	1.30693
2210	83.2232	17.7975	5.76715	1.30542
2209	83.5021	17.8813	5.83003	1.29561
2208	84.0877	17.9985	5.89291	1.29787
2207	84.3667	18.0488	5.94069	1.30845
2206	84.8966	18.2079	5.98345	1.34017
2205	85.2870	18.3670	6.03878	1.39002
2204	85.7054	18.5178	6.06393	1.44968
2203	86.4305	18.6267	6.07651	1.51086
2202	86.9883	18.7523	6.09663	1.55769
2201	87.4903	18.8863	6.08908	1.57129
2200	87.9087	18.9533	6.08657	1.55769
2199	88.7454	19.0873	6.09411	1.53277
2198	89.6100	19.2381	6.10418	1.49576
2197	90.4467	19.4307	6.15951	1.46706
2196	91.2833	19.6401	6.19723	1.45497
2195	92.2037	19.8076	6.29029	1.46555
2194	93.0125	19.9500	6.34563	1.49123
2193	94.0444	20.1761	6.41605	1.51539
2192	94.9927	20.3520	6.48647	1.54863
2191	95.8852	20.5949	6.58456	1.56902
2190	96.8055	20.8043	6.66002	1.59394
2189	97.7538	21.0136	6.76817	1.61585
2188	98.7857	21.1979	6.8738	1.64757
2187	99.6503	21.3738	6.95177	1.68458
2186	100.487	21.6083	7.02722	1.72159
2185	101.546	21.8009	7.11525	1.75558
2184	102.550	21.9684	7.19825	1.78352
2183	103.527	22.2113	7.32149	1.80089
2182	104.503	22.4374	7.42209	1.81298
2181	105.339	22.6217	7.52018	1.80618
2180	106.092	22.8395	7.58809	1.78126
2179	106.929	23.1242	7.61827	1.74727
2178	107.822	23.3252	7.65851	1.70799
2177	108.742	23.4760	7.64845	1.66041
2176	109.495	23.7021	7.64342	1.61811
2175	110.304	23.9282	7.63336	1.57582
2174	111.113	24.1125	7.62079	1.53352
2173	111.949	24.2214	7.61827	1.5086
2172	112.591	24.4475	7.63588	1.50709
2171	113.344	24.5480	7.67864	1.53277
2170	114.208	24.7490	7.75409	1.59243
2169	115.017	24.8412	7.84463	1.66343
2168	115.686	24.9500	7.94272	1.73896
2167	116.300	25.1008	8.06848	1.7941
2166	116.969	25.1845	8.16908	1.84394
2165	117.667	25.3102	8.2722	1.87114
2164	118.252	25.4526	8.37029	1.88322
2163	118.699	25.5866	8.46335	1.88775
2162	119.424	25.6619	8.58156	1.88851
2161	120.065	25.8378	8.65953	1.88246
2160	120.651	25.9551	8.70732	1.88322
2159	121.041	26.0723	8.75259	1.88851
2158	121.822	26.1896	8.80038	1.89984
2157	122.352	26.3152	8.85068	1.92476
2156	122.882	26.4241	8.88841	1.95875
2155	123.440	26.5413	8.94625	1.99953
2154	124.193	26.6754	8.97643	2.03579
2153	124.890	26.8177	9.00913	2.07204
2152	125.364	26.9517	9.04686	2.09772
2151	125.950	27.1360	9.10722	2.10603
2150	126.675	27.3119	9.14243	2.09621
2149	127.093	27.4543	9.19022	2.07355
2148	127.651	27.6301	9.24052	2.04108
2147	128.237	27.8228	9.28831	2.01691
2146	128.906	27.9903	9.36879	1.995
2145	129.799	28.1913	9.42915	1.98745
2144	130.273	28.3420	9.487	2.00331
2143	130.998	28.5179	9.5197	2.02899
2142	131.779	28.5766	9.51718	2.066
2141	132.169	28.6687	9.53479	2.11811
2140	133.034	28.8697	9.55239	2.15664
2139	133.759	28.9367	9.56245	2.19667
2138	134.373	29.1209	9.61024	2.2231
2137	134.986	29.2131	9.69324	2.24123
2136	135.488	29.389	9.78881	2.25407
2135	136.074	29.4895	9.87936	2.24123
2134	136.660	29.6151	9.9523	2.21781
2133	137.217	29.7323	10.0227	2.1725
2132	137.552	29.8496	10.0931	2.12944
2131	138.221	29.9836	10.1258	2.08488
2130	138.891	30.1260	10.1509	2.04938
2129	139.532	30.2432	10.1509	2.02219
2128	140.174	30.3856	10.1560	2.01162
2127	140.732	30.5280	10.1384	2.02068
2126	141.345	30.6704	10.1233	2.04787
2125	142.182	30.8714	10.1384	2.09697
2124	142.740	31.0724	10.1610	2.1521
2123	143.576	31.3153	10.1937	2.2163
2122	143.995	31.5917	10.2742	2.2737
2121	144.692	31.7592	10.3349	2.31751
2120	145.529	31.9602	10.3899	2.35528
2119	146.226	32.1277	10.4653	2.3734
2118	146.672	32.2533	10.4980	2.38549
2117	147.202	32.3371	10.5383	2.39077
2116	148.094	32.4376	10.5735	2.38096
2115	148.708	32.5967	10.6087	2.36887
2114	149.182	32.7558	10.6565	2.35603
2113	149.907	32.8647	10.6867	2.35528
2112	150.549	32.9820	10.7244	2.36509
2111	151.134	33.1160	10.7697	2.38171
2110	151.804	33.2249	10.8149	2.40059
2109	152.473	33.3008	10.8426	2.42929
2108	153.170	33.3843	10.8929	2.45271
2107	153.896	33.5096	10.9181	2.48519
2106	154.565	33.5766	10.9357	2.50331
2105	155.123	33.7609	10.9533	2.51917
2104	156.015	33.8698	10.9759	2.51842
2103	156.629	34.0456	11.0061	2.51238
2102	157.298	34.2215	11.0488	2.50558
2101	158.218	34.4560	11.1142	2.50633
2100	158.944	34.6152	11.1897	2.51162
2099	159.725	34.7492	11.2526	2.52748
2098	160.450	34.8915	11.3154	2.53201
2097	161.175	34.9837	11.3834	2.54863
2096	161.509	35.1177	11.4638	2.58186
2095	162.430	35.3187	11.5594	2.61887
2094	163.350	35.4276	11.6525	2.6589
2093	163.824	35.6704	11.7405	2.68534
2092	164.661	35.7793	11.8210	2.6944
2091	165.247	35.9217	11.8688	2.69289
2090	165.777	36.0976	11.8964	2.68383
2089	166.390	36.2818	11.8989	2.67552
2088	167.004	36.4159	11.9166	2.68232
2087	167.757	36.5499	11.9291	2.69516
2086	168.454	36.6755	11.9819	2.70422
2085	169.235	36.8346	11.9920	2.73594
2084	169.821	36.9100	12.0222	2.75482
2083	170.323	37.0859	12.0473	2.78352
2082	171.104	37.2031	12.0423	2.81449
2081	171.578	37.3371	12.0574	2.83715
2080	172.442	37.3958	12.0700	2.86736
2079	173.251	37.5549	12.1027	2.88398
2078	173.753	37.6554	12.1706	2.90286
2077	174.422	37.7643	12.2083	2.92174
2076	174.897	37.8145	12.2586	2.93307
2075	175.259	37.8899	12.3139	2.93534
2074	175.733	37.9234	12.3441	2.92099
2073	176.291	37.9820	12.3743	2.90362
2072	176.682	37.9318	12.3995	2.87416
2071	177.351	37.9653	12.3869	2.85377
2070	177.853	37.9653	12.3995	2.84319
2069	178.327	37.9402	12.3969	2.83715
2068	178.801	38.0490	12.3969	2.83413
2067	179.359	38.0490	12.4196	2.84697
2066	179.666	38.0407	12.4347	2.86887
2065	179.833	38.1077	12.4296	2.89682
2064	180.363	38.0658	12.3919	2.92476
2063	180.586	38.0825	12.3466	2.94818
2062	180.921	38.0909	12.3114	2.96102
2061	181.004	38.0490	12.2712	2.96328
2060	181.451	38.1244	12.2335	2.94667
2059	181.925	38.1579	12.2259	2.91646
2058	182.371	38.2333	12.2435	2.86585
2057	182.734	38.2668	12.2485	2.81071
2056	182.873	38.2500	12.2284	2.76917
2055	183.264	38.3087	12.2460	2.72461
2054	183.515	38.2333	12.2460	2.6944
2053	183.682	38.2752	12.2259	2.6876
2052	184.156	38.2249	12.1907	2.68911
2051	184.240	38.1495	12.1605	2.71857
2050	184.435	38.1244	12.1379	2.75935
2049	184.407	38.0825	12.1228	2.79108
2048	184.519	37.9402	12.0926	2.81374
2047	184.825	37.8983	12.0599	2.81751
2046	184.853	37.8564	12.0473	2.80769
2045	185.244	37.6805	11.9870	2.7873
2044	185.244	37.5800	11.9216	2.75407
2043	185.439	37.4795	11.8964	2.7299
2042	185.467	37.3790	11.8185	2.708
2041	185.495	37.2199	11.7531	2.69062
2040	185.383	37.1110	11.6801	2.68534
2039	185.467	36.9770	11.5619	2.68005
2038	185.299	36.8346	11.5041	2.68081
2037	185.021	36.6755	11.4362	2.66948
2036	185.104	36.5582	11.3607	2.64984
2035	184.686	36.4242	11.3305	2.63096
2034	184.323	36.3070	11.2802	2.61963
2033	184.072	36.1897	11.235	2.6083
2032	183.933	36.0641	11.1847	2.6015
2031	183.459	35.9133	11.0941	2.58866
2030	183.068	35.771	11.0287	2.55467
2029	182.734	35.5867	10.9759	2.51842
2028	182.455	35.4192	10.9105	2.49576
2027	181.953	35.2014	10.8652	2.46253
2026	181.423	35.0339	10.7898	2.44138
2025	181.004	34.8832	10.7143	2.43005
2024	180.698	34.6822	10.6489	2.42023
2023	180.279	34.4560	10.5659	2.39606
2022	179.833	34.2215	10.4729	2.37114
2021	179.303	33.9619	10.3371	2.34999
2020	178.968	33.6939	10.2289	2.3379
2019	178.383	33.4677	10.1006	2.33262
2018	177.881	33.2249	9.97745	2.33186
2017	177.128	32.8815	9.84918	2.31751
2016	176.821	32.6386	9.75109	2.30014
2015	176.263	32.3538	9.66557	2.26766
2014	175.733	32.1444	9.59767	2.21555
2013	175.036	31.9016	9.50964	2.15437
2012	174.590	31.7005	9.4367	2.09017
2011	173.865	31.4409	9.34867	2.00935
2010	173.335	31.2148	9.2707	1.94289
2009	172.693	31.0389	9.20279	1.88322
2008	171.773	30.7793	9.11225	1.82959
2007	171.299	30.5699	9.02171	1.78956
2006	170.853	30.3689	8.94877	1.76615
2005	170.295	30.1595	8.82301	1.75935
2004	169.653	29.8747	8.72241	1.76086
2003	169.235	29.6737	8.59917	1.76766
2002	168.677	29.4308	8.48599	1.76011
2001	168.370	29.2968	8.39293	1.75029
2000	167.701	29.0874	8.32502	1.72083
1999	167.199	28.9451	8.24202	1.68836
1998	166.892	28.7776	8.17411	1.65814
1997	166.530	28.5766	8.11123	1.64606
1996	166.223	28.4174	8.00308	1.63775
1995	165.972	28.2415	7.9226	1.63926
1994	165.721	27.9987	7.86224	1.64228
1993	165.693	27.7558	7.78679	1.62793
1992	165.163	27.5966	7.73397	1.59923
1991	164.968	27.3203	7.68618	1.55618
1990	164.689	27.0941	7.61827	1.51615
1989	164.410	26.8764	7.5403	1.4731
1988	164.187	26.6335	7.48749	1.43684
1987	163.657	26.3738	7.41203	1.41343
1986	163.350	26.2398	7.32401	1.39908
1985	162.988	26.0891	7.24855	1.38926
1984	162.151	25.8462	7.15801	1.38851
1983	161.509	25.6033	7.06746	1.38926
1982	161.231	25.4358	6.97944	1.39002
1981	160.701	25.1343	6.90901	1.38851
1980	160.115	24.9165	6.83607	1.39304
1979	159.390	24.7407	6.7732	1.40135
1978	158.637	24.5061	6.71283	1.41116
1977	158.191	24.2800	6.65247	1.41494
1976	157.549	24.1125	6.60468	1.40663
1975	156.768	23.8780	6.55438	1.39379
1974	156.322	23.6184	6.48647	1.3802
1973	155.876	23.3755	6.39593	1.37416
1972	155.262	23.1493	6.31796	1.36811
1971	154.537	22.8227	6.23748	1.36358
1970	154.063	22.5547	6.14442	1.35527
1969	153.087	22.2867	6.07902	1.34243
1968	152.473	22.0354	6.00609	1.3228
1967	151.664	21.8093	5.908	1.29107
1966	151.107	21.5915	5.84512	1.26011
1965	150.409	21.4240	5.75961	1.23367
1964	149.824	21.1979	5.70679	1.2027
1963	149.126	20.9801	5.64391	1.17854
1962	148.178	20.8629	5.56846	1.15965
1961	147.146	20.6619	5.493	1.14153
1960	146.561	20.4357	5.40749	1.13246
1959	145.612	20.2431	5.3094	1.13322
1958	144.831	20.0337	5.20628	1.13322
1957	143.967	19.7490	5.13083	1.14304
1956	143.074	19.5396	5.04783	1.15286
1955	142.154	19.3302	4.98244	1.15663
1954	141.289	19.0203	4.91704	1.1657
1953	140.508	18.8361	4.8768	1.16494
1952	139.560	18.6769	4.84411	1.16947
1951	138.891	18.3922	4.81895	1.16721
1950	138.054	18.1493	4.82902	1.17023
1949	136.966	17.9566	4.82398	1.17929
1948	136.269	17.6970	4.80638	1.17249
1947	135.488	17.4625	4.78626	1.15739
1946	134.261	17.3034	4.74098	1.13851
1945	133.424	17.1107	4.68062	1.10905
1944	132.253	16.9181	4.62529	1.08337
1943	131.444	16.7338	4.5599	1.04409
1942	130.384	16.5245	4.48947	1.00406
1941	129.352	16.2648	4.43163	0.96781
1940	128.321	16.0387	4.35869	0.92778
1939	127.317	15.8209	4.28826	0.88397
1938	126.285	15.6032	4.20275	0.84243
1937	125.225	15.3435	4.11472	0.80316
1936	123.998	15.1509	4.03675	0.77295
1935	122.910	14.8662	3.96885	0.74727
1934	121.683	14.6568	3.90094	0.7314
1933	120.623	14.5228	3.84812	0.72461
1932	119.507	14.3050	3.80788	0.72763
1931	118.308	14.1961	3.75003	0.73594
1930	116.942	13.9616	3.69218	0.74878
1929	115.937	13.8360	3.63434	0.76313
1928	114.599	13.6266	3.57146	0.7805
1927	113.427	13.4340	3.50355	0.80844
1926	112.172	13.2748	3.45828	0.81977
1925	111.085	13.032	3.40043	0.83941
1924	110.109	12.8896	3.30737	0.85225
1923	108.909	12.6886	3.22689	0.86282
1922	107.766	12.4792	3.10365	0.87718
1921	106.539	12.3201	3.02317	0.88246
1920	105.367	12.0939	2.92507	0.88397
1919	104.056	11.8594	2.84459	0.87189
1918	102.662	11.6082	2.77668	0.85074
1917	101.351	11.4909	2.72638	0.82053
1916	100.263	11.2815	2.65847	0.77672
1915	98.7857	11.1391	2.64087	0.71403
1914	97.6980	10.9549	2.59308	0.6589
1913	96.6382	10.7622	2.55284	0.59923
1912	95.4668	10.5277	2.50757	0.55995
1911	94.3512	10.3770	2.46984	0.52143
1910	93.0683	10.1173	2.40696	0.49727
1909	92.0643	9.99176	2.38936	0.47914
1908	91.0602	9.84938	2.3466	0.46101
1907	90.1390	9.62325	2.28624	0.44817
1906	88.9406	9.41386	2.25857	0.43156
1905	87.7135	9.27986	2.23593	0.40059
1904	86.6536	9.10398	2.24096	0.3734
1903	85.4544	9.00347	2.24851	0.34545
1902	84.4224	8.81084	2.23593	0.32279
1901	83.1953	8.70196	2.27115	0.3092
1900	82.3865	8.5512	2.2963	0.30542
1899	81.2709	8.44232	2.30636	0.31297
1898	80.2947	8.34182	2.32145	0.32808
1897	79.3744	8.20782	2.31139	0.33865
1896	78.4540	8.02356	2.30887	0.34545
1895	77.8962	7.88118	2.27366	0.35678
1894	77.2548	7.73042	2.24348	0.36584
1893	76.8364	7.66342	2.19569	0.36358
1892	76.1670	7.63829	2.17557	0.35829
1891	75.7766	7.58804	2.15042	0.33261
1890	75.3025	7.45404	2.12527	0.30391
1889	74.7168	7.47916	2.07497	0.28276
1888	74.0753	7.37028	2.05736	0.27445
1887	73.5454	7.38703	2.0297	0.26766
1886	73.0155	7.40378	1.99448	0.27672
1885	72.5972	7.36191	1.95424	0.28125
1884	71.8999	7.22790	1.91903	0.28427
1883	71.1469	7.12740	1.87627	0.28578
1882	70.5333	7.05202	1.84861	0.27974
1881	69.9197	6.93477	1.82346	0.28654
1880	68.9157	6.79239	1.82094	0.30391
1879	68.1348	6.66676	1.79076	0.32355
1878	67.4654	6.56625	1.76812	0.34092
1877	66.5729	6.40712	1.76058	0.34621
1876	65.5968	6.29824	1.73543	0.33639
1875	64.3976	6.19774	1.7304	0.32959
1874	63.1983	6.05536	1.72285	0.32884
1873	62.2221	5.98836	1.67506	0.32657
1872	60.8555	5.85435	1.67003	0.31902
1871	59.5726	5.67847	1.62225	0.31751
1870	58.2060	5.54446	1.58955	0.32204
1869	57.0346	5.41883	1.56691	0.3243
1868	55.6123	5.24295	1.54176	0.33865
1867	54.3293	5.11732	1.52667	0.35754
1866	53.2416	5.05032	1.5141	0.3802
1865	52.4049	4.95819	1.47134	0.40739
1864	51.8193	4.87444	1.46128	0.42929
1863	50.9826	4.83256	1.42104	0.45572
1862	50.3411	4.69855	1.38834	0.47159
1861	49.9785	4.65668	1.34055	0.47612
1860	49.3370	4.53942	1.29528	0.47234
1859	49.0024	4.43892	1.24498	0.44817
1858	48.7235	4.35517	1.22486	0.41116
1857	48.0262	4.31329	1.16953	0.38548
1856	47.5521	4.23791	1.15444	0.3666
1855	47.0501	4.20441	1.16953	0.36433
1854	46.2134	4.20441	1.15947	0.3734
1853	45.7114	4.02853	1.1645	0.39908
1852	45.1536	3.98665	1.16198	0.40588
1851	44.2611	3.97828	1.13683	0.40361
1850	43.5918	3.94478	1.13432	0.39908
1849	43.0061	3.9029	1.14941	0.36811
1848	42.3646	3.85265	1.16198	0.34923
1847	41.7510	3.77727	1.18965	0.32355
1846	41.1374	3.74377	1.22234	0.29862
1845	40.3007	3.67677	1.24498	0.29107
1844	39.7151	3.60139	1.25001	0.27672
1843	39.1573	3.53439	1.24498	0.26615
1842	38.4042	3.37526	1.22989	0.25708
1841	37.7907	3.30825	1.19468	0.25406
1840	37.2608	3.2245	1.15444	0.25859
1839	36.5914	3.14912	1.09407	0.26539
1838	35.9778	3.03187	1.05886	0.26992
1837	35.1969	2.90624	1.03623	0.27823
1836	34.2765	2.87274	1.00856	0.27748
1835	33.6909	2.79736	0.97838	0.26917
1834	33.2446	2.68848	0.98341	0.27294
1833	32.6032	2.62148	0.97335	0.27445
1832	32.1011	2.60473	1.02114	0.29711
1831	31.5712	2.50422	1.05383	0.31373
1830	31.2644	2.52097	1.08401	0.32204
1829	30.5393	2.48747	1.11922	0.32506
1828	30.2046	2.48747	1.14941	0.33412
1827	29.8978	2.47072	1.15192	0.3447
1826	29.2285	2.4791	1.15947	0.36736
1825	29.0890	2.45397	1.11419	0.39681
1824	28.8101	2.44559	1.10916	0.4172
1823	28.4755	2.42884	1.07898	0.41494
1822	28.0850	2.41209	1.07395	0.41116
1821	27.7782	2.33671	1.03623	0.3802
1820	27.2483	2.26971	1.01862	0.35225
1819	26.9136	2.23621	0.98341	0.32053
1818	26.4953	2.18596	0.9658	0.29183
1817	26.2164	2.15246	0.95071	0.26539
1816	25.6865	2.10221	0.92556	0.23594
1815	25.5191	2.01845	0.92556	0.21177
1814	24.9335	2.0017	0.91802	0.20195
1813	24.3478	1.97658	0.89538	0.18458
1812	24.0131	1.89282	0.87526	0.16569
1811	23.5669	1.9012	0.82999	0.15663
1810	23.0927	1.81745	0.76208	0.14228
1809	22.8696	1.78394	0.71178	0.12113
1808	22.4791	1.81745	0.64638	0.09847
1807	22.2281	1.80069	0.61117	0.08412
1806	21.9214	1.79232	0.55081	0.07884
1805	21.4751	1.81745	0.52566	0.09545
1804	21.0847	1.77557	0.50805	0.10225
1803	20.6384	1.71694	0.47787	0.13019
1802	20.4432	1.75044	0.48793	0.1589
1801	20.1922	1.71694	0.49296	0.19137
1800	19.6065	1.70019	0.52566	0.21328
1799	19.2718	1.64156	0.52566	0.22989
1798	19.0208	1.56618	0.54075	0.25406
1797	18.6025	1.51593	0.54326	0.27672
1796	18.4351	1.44056	0.52817	0.28956
1795	18.1004	1.42381	0.5156	0.30089
1794	17.8773	1.3903	0.49799	0.30693
1793	17.5148	1.37355	0.48542	0.30316
1792	16.9291	1.38193	0.46027	0.29258
1791	16.7896	1.36518	0.4653	0.27068
1790	16.4828	1.38193	0.42254	0.26313
1789	16.1482	1.34843	0.43008	0.25104
1788	15.8414	1.23117	0.41751	0.23442
1787	15.7019	1.23117	0.40996	0.22461
1786	15.2557	1.27305	0.4326	0.22234
1785	15.0047	1.10554	0.44266	0.21177
1784	14.4190	1.08879	0.47033	0.21252
1783	14.1680	1.08042	0.4653	0.22083
1782	13.8891	1.07204	0.46278	0.22914
1781	13.4150	1.09717	0.4653	0.24953
1780	12.9966	1.09717	0.4829	0.25104
1779	12.7456	1.03017	0.5156	0.24802
1778	12.2436	1.04692	0.54075	0.25104
1777	11.9089	1.03017	0.55584	0.23745
1776	11.7973	1.04692	0.55584	0.22838
1775	11.4627	1.00504	0.52566	0.21328
1774	11.2396	0.94641	0.4829	0.21328
1773	10.9607	0.94641	0.41499	0.20572
1772	10.7096	0.97154	0.34457	0.20346
1771	10.5144	0.92966	0.2666	0.18684
1770	10.1797	0.96316	0.20372	0.17627
1769	10.0403	0.97991	0.166	0.16494
1768	9.87300	1.04692	0.15342	0.13473
1767	9.56621	0.99666	0.18863	0.12717
1766	9.39887	0.99666	0.19366	0.11358
1765	9.11997	1.02179	0.22888	0.10149
1764	8.59006	0.93804	0.26912	0.09998
1763	8.50640	0.87941	0.2993	0.0879
1762	8.28328	0.87103	0.34457	0.07506
1761	8.06016	0.7789	0.35463	0.066
1760	7.86493	0.76215	0.3496	0.06071
1759	7.69759	0.7454	0.33451	0.0524
1758	7.66970	0.6449	0.2993	0.05164
1757	7.22346	0.6449	0.28924	0.0524
1756	7.13979	0.61977	0.23642	0.05769
1755	7.05612	0.52765	0.21127	0.06977
1754	6.97245	0.46902	0.21378	0.08035
1753	6.69356	0.46064	0.21378	0.10451
1752	6.44255	0.42714	0.21881	0.13171
1751	6.16365	0.41039	0.25906	0.14379
1750	5.94053	0.36014	0.25403	0.1589
1749	5.77319	0.36014	0.27415	0.16418
1748	5.66163	0.36014	0.27163	0.16569
1747	5.41062	0.35176	0.25151	0.16041
1746	5.21540	0.34339	0.24397	0.1589
1745	5.27118	0.28476	0.25403	0.1589
1744	4.90861	0.25126	0.24397	0.15436
1743	4.82494	0.22613	0.20875	0.13699
1742	4.71338	0.22613	0.18109	0.1385
1741	4.65760	0.20101	0.166	0.13019
1740	4.60182	0.14238	0.14085	0.11358
1739	4.54604	0.10888	0.10312	0.11207
1738	4.18347	0.13401	0.083	0.10451
1737	4.01613	0.16751	0.08048	0.10074
1736	3.73724	0.20938	0.06791	0.09092
1735	3.54201	0.24288	0.0503	0.08261
1734	3.31889	0.31826	0.0327	0.07732
1733	3.26311	0.29314	0.02012	0.08337
1732	3.09577	0.27639	0.00252	0.08563
1731	3.03999	0.25964	0	0.09394
1730	2.76109	0.25964	0	0.10074
1729	2.67742	0.24288	0	0.10074
1728	2.42641	0.26801	0.00503	0.10074
1727	2.48219	0.23451	0.00252	0.09696
1726	2.34274	0.19263	0.01006	0.08941
1725	2.20330	0.20938	0.01761	0.08563
1724	2.03596	0.18426	0.02767	0.06977
1723	2.03596	0.13401	0.0503	0.06146
1722	2.03596	0.12563	0.06539	0.05391
1721	1.81284	0.12563	0.07042	0.04787
1720	1.61761	0.09213	0.083	0.0456
1719	1.45027	0.08375	0.08048	0.03201
1718	1.53394	0.05025	0.07294	0.02748
1717	1.25504	0.04188	0.07294	0.0169
1716	1.31082	0.00838	0.07797	0.01539
1715	1.08770	0.0335	0.083	0.01086
1714	0.86458	0.02513	0.06791	0.02143
1713	0.92036	0.01675	0.09306	0.03805
1712	0.75303	0.0335	0.10563	0.04711
1711	0.69725	0.01675	0.15091	0.05769
1710	0.66936	0.02513	0.17857	0.07204
1709	0.75303	0	0.17103	0.08186
1708	0.66936	0	0.16348	0.09545
1707	0.52991	0	0.13833	0.09923
1706	0.44624	0	0.10815	0.10451
1705	0.41835	0	0.083	0.10905
1704	0.39046	0	0.083	0.10905
1703	0.30679	0	0.07797	0.11962
1702	0.30679	0	0.06791	0.12868
1701	0.25101	0	0.05533	0.14228
1700	0.13945	0	0.04527	0.16494