nm	f1	f2	f3	f4
800	0.12563	0.27639	0.12563	0.37475
799	0.05863	0.30989	0.09213	0.44769
798	0.08375	0.32664	0.09213	0.45021
797	0.08375	0.37689	0.10888	0.48039
796	0.07538	0.36851	0.09213	0.48039
795	0.10050	0.41039	0.09213	0.51057
794	0.08375	0.65328	0.10888	0.46781
793	0.06700	0.41877	0.10050	0.49548
792	0.07538	0.41039	0.11725	0.48793
791	0.10050	0.42714	0.09213	0.48542
790	0.09213	0.42714	0.11725	0.49799
789	0.08375	0.36014	0.11725	0.48290
788	0.10050	0.38526	0.08375	0.46278
787	0.08375	0.41877	0.09213	0.47284
786	0.10050	0.44389	0.07538	0.46278
785	0.09213	0.41039	0.09213	0.48793
784	0.10888	0.41039	0.10888	0.50554
783	0.06700	0.49414	0.09213	0.51560
782	0.08375	0.39364	0.10050	0.51811
781	0.08375	0.43552	0.06700	0.51811
780	0.06700	0.45227	0.09213	0.49045
779	0.07538	0.41039	0.11725	0.47787
778	0.07538	0.44389	0.08375	0.50805
777	0.13401	0.38526	0.08375	0.50302
776	0.10050	0.42714	0.09213	0.51057
775	0.08375	0.44389	0.08375	0.55081
774	0.07538	0.42714	0.10050	0.51308
773	0.09213	0.43552	0.09213	0.51308
772	0.09213	0.46064	0.08375	0.50302
771	0.11725	0.44389	0.09213	0.43260
770	0.08375	0.44389	0.10050	0.49045
769	0.09213	0.44389	0.08375	0.51057
768	0.10888	0.36851	0.10888	0.49799
767	0.10050	0.46902	0.10050	0.51560
766	0.09213	0.48577	0.10050	0.50805
765	0.31826	0.47739	0.10050	0.51057
764	0.09213	0.45227	0.06700	0.51560
763	0.10888	0.45227	0.09213	0.51057
762	0.29314	0.49414	0.11725	0.50554
761	0.10888	0.52765	0.09213	0.52063
760	0.10050	0.56115	0.10050	0.52566
759	0.11725	0.50252	0.10050	0.52314
758	0.10050	0.48577	0.08375	0.52566
757	0.13401	0.51927	0.06700	0.53320
756	0.09213	0.54440	0.10888	0.53572
755	0.10888	0.51927	0.10050	0.54829
754	0.10888	0.51089	0.09213	0.55081
753	0.15913	0.48577	0.10050	0.54075
752	0.11725	0.51089	0.12563	0.53069
751	0.10888	0.51089	0.09213	0.53572
750	0.13401	0.57790	0.11725	0.56842
749	0.12563	0.62815	0.12563	0.58854
748	0.14238	0.52765	0.10888	0.58351
747	0.12563	0.57790	0.07538	0.58099
746	0.16751	0.57790	0.10888	0.60866
745	0.13401	0.61977	0.14238	0.60111
744	0.18426	0.63652	0.12563	0.60111
743	0.24288	0.63652	0.14238	0.66399
742	0.22613	0.63652	0.11725	0.60866
741	0.20938	0.81241	0.12563	0.61369
740	0.21776	0.64490	0.28476	0.63632
739	0.29314	0.67840	0.13401	0.64135
738	0.26801	0.69515	0.14238	0.64135
737	0.27639	0.61977	0.15913	0.65644
736	0.29314	0.77890	0.16751	0.65393
735	0.57790	0.64490	0.18426	0.68411
734	0.36851	0.77890	0.15076	0.67405
733	0.36851	0.81241	0.16751	0.69166
732	0.41877	0.86266	0.20101	0.74447
731	0.46064	0.81241	0.22613	0.74196
730	0.46902	0.97991	0.23451	0.74196
729	0.52765	1.00504	0.24288	0.77717
728	0.57790	1.09717	0.30151	0.78471
727	0.63652	1.08042	0.27639	0.80484
726	0.69515	1.03017	0.28476	0.83753
725	0.66165	1.23955	0.33501	0.85514
724	0.74540	1.30655	0.51927	0.87274
723	0.81241	1.18092	0.43552	0.87274
722	0.94641	1.21442	0.48577	0.88029
721	0.97154	1.37355	0.46902	1.02365
720	1.02179	1.38193	0.49414	1.06641
719	1.16417	1.43218	0.56115	0.99347
718	1.26467	1.57456	0.58627	1.04126
717	1.34843	1.69182	0.65328	1.07647
716	1.41543	1.75044	0.69515	1.46379
715	1.70857	3.26638	0.91291	3.81542
714	2.41209	6.87614	1.18930	6.02872
713	2.75548	7.31166	1.14742	4.61271
712	2.37859	4.72368	1.07204	2.58050
711	2.03520	2.98161	1.06367	1.77818
710	2.12733	2.42047	1.06367	1.44116
709	2.19433	2.32834	1.13904	1.38834
708	2.26971	2.42884	1.26467	1.43613
707	2.44559	2.50422	1.33168	1.47386
706	2.62148	2.61310	1.38193	1.51410
705	2.81411	2.47910	1.43218	1.54428
704	2.99836	2.82248	1.54943	1.58955
703	3.10724	2.86436	1.59969	1.67003
702	3.24963	3.09887	1.75882	1.70273
701	3.45063	3.24963	1.78394	1.74800
700	3.81077	3.39201	1.94307	1.83603
699	3.98665	3.50926	2.03520	1.96179
698	4.09553	3.63489	2.09383	2.06994
697	4.27979	3.84427	2.19433	2.09760
696	4.49755	4.02853	2.34509	2.24851
695	4.80743	4.27141	2.53772	2.35917
694	5.20108	4.40542	2.66335	2.46984
693	5.40208	4.69018	2.78061	2.58553
692	5.61984	4.88281	2.98999	2.67608
691	5.90460	4.94982	3.08212	2.80183
690	6.21449	5.26808	3.21612	2.92759
689	6.45737	5.52771	3.32500	3.05083
688	6.80914	5.75385	3.50926	3.16904
687	7.17765	5.94648	3.72702	3.28474
686	7.67180	6.26474	3.89452	3.43816
685	7.94818	6.52438	4.03691	3.58655
684	7.95656	6.82589	4.47242	3.76009
683	8.66008	7.11065	4.45567	3.91351
682	9.12073	7.46241	4.65668	4.09963
681	9.58137	7.81417	4.85769	4.33102
680	9.98338	8.19107	5.00844	4.56241
679	10.4607	8.58470	5.23458	4.83405
678	10.9800	8.96159	5.50259	5.13837
677	11.4741	9.53949	5.72035	5.45276
676	12.0604	10.0420	5.89623	5.97339
675	13.0822	10.8393	6.65838	6.1460
674	13.6770	11.3656	7.0956	6.1315
673	14.1112	12.0981	7.4425	6.3025
672	14.6892	12.7548	7.6352	6.3025
671	15.7727	12.9337	7.7389	6.3955
670	16.6033	13.6101	7.8292	6.4397
669	16.8947	14.3117	8.58470	6.43065
668	17.3704	14.0370	8.11569	7.28628
667	17.4709	13.4005	8.14081	6.99956
666	18.0739	13.3670	8.40882	6.97441
665	18.6602	13.6182	8.64333	7.04231
664	19.2548	13.8695	8.88622	7.17561
663	19.8411	14.1207	9.17098	7.31898
662	20.6116	14.4976	9.43899	7.43970
661	21.4073	14.8662	9.74050	7.60570
660	22.1276	15.4440	10.0252	7.78427
659	22.9232	15.7372	10.2848	8.02069
658	23.6686	16.0303	10.4859	8.24705
657	24.4391	16.5245	10.7706	8.39796
656	25.2348	17.0102	11.2480	8.59665
655	26.2231	17.4122	11.3736	8.81044
654	26.8010	17.8310	11.6249	9.05692
653	27.5631	18.2330	11.9683	9.29334
652	28.3588	18.6518	12.1525	9.50209
651	29.1880	18.9868	12.3787	9.67060
650	29.9166	19.4140	12.6969	9.87936
649	30.6788	19.8997	12.9482	10.1006
648	31.3907	20.3101	13.1576	10.3144
647	32.1193	20.6619	13.3670	10.4553
646	32.8145	21.0304	13.4172	10.5785
645	33.4845	21.4073	13.6685	10.8099
644	34.1629	21.7590	13.8109	11.0011
643	34.7659	22.1108	14.0370	11.1570
642	35.4192	22.5212	14.2129	11.2576
641	35.9636	22.7892	14.3218	11.4060
640	36.4829	23.0572	14.4390	11.5468
639	36.9938	23.1577	14.5563	11.6701
638	37.4376	23.3504	14.5730	11.7254
637	37.8648	23.4509	14.6400	11.7606
636	38.2165	23.5597	14.6484	11.8411
635	38.6353	23.8780	14.7154	11.9015
634	38.9871	24.0455	14.8326	11.9643
633	39.2048	24.1376	14.8075	11.9870
632	39.3975	24.2381	14.7740	12.0398
631	39.5817	24.2800	14.6484	12.0851
630	39.6990	24.3973	14.5814	12.1605
629	39.8749	24.3135	14.5646	12.1630
628	40.1177	24.3303	14.5646	12.1429
627	40.2518	24.3554	14.5311	12.2234
626	40.3523	24.4056	14.4641	12.1731
625	40.5533	24.3973	14.4641	12.1530
624	40.7208	24.4224	14.5563	12.1329
623	40.8380	24.3638	14.5311	12.1706
622	41.0558	24.3805	14.4976	12.1806
621	41.1312	24.5313	14.5144	12.1932
620	41.3740	24.7155	14.5311	12.1982
619	41.5834	24.7658	14.5395	12.2561
618	41.9184	24.8747	14.5479	12.3064
617	42.5382	24.9919	14.5814	12.3366
616	42.6973	25.2013	14.7573	12.4774
615	43.1245	25.5112	14.9499	12.5705
614	43.4930	25.6033	15.1258	12.5906
613	43.9704	25.9132	15.2095	12.6560
612	44.5734	26.2566	15.2598	12.7365
611	45.1513	26.5330	15.6534	12.8798
610	45.6622	26.9517	15.8544	13.0785
609	46.5081	27.4710	16.0554	13.3150
608	47.8900	28.0992	16.6082	13.6394
607	49.7075	29.0456	17.2364	14.0619
606	51.5752	30.2265	17.7724	14.4870
605	53.2251	31.1645	18.2833	14.8618
604	54.7243	31.9602	18.7439	15.1988
603	56.0727	32.7726	19.2297	15.4578
602	57.3960	33.3924	19.6987	15.7320
601	58.5937	33.7358	19.9918	15.9986
600	59.7746	34.7073	20.2934	16.2224
599	60.9388	35.3689	20.5279	16.3482
598	62.0276	35.9468	20.9383	16.5343
597	63.0159	36.5164	21.2146	16.7707
596	64.0628	37.1110	21.4994	16.9895
595	65.1516	37.6973	21.7758	17.1782
594	66.2906	38.0574	22.0438	17.2989
593	66.9271	38.6772	22.3286	17.4900
592	67.7144	39.2132	22.5631	17.6560
591	68.5771	39.6655	22.9148	17.8346
590	69.5235	40.1429	23.0907	18.0333
589	70.4197	40.5365	23.3001	18.1163
588	71.1148	41.0139	23.5179	18.2722
587	71.8183	41.6337	23.9031	18.3930
586	72.5470	42.1948	24.1711	18.4433
585	73.2589	42.5550	24.2800	18.5238
584	73.8452	42.9821	24.4475	18.5539
583	74.4817	43.3841	24.6066	18.7476
582	74.8167	43.7359	24.7909	18.8130
581	75.3862	43.9536	24.9417	18.8910
580	76.0144	44.3557	25.0757	18.9689
579	76.3494	44.8163	25.1845	19.0142
578	76.6341	45.0341	25.2851	19.0041
577	77.0697	45.2602	25.4777	18.9639
576	77.3544	45.5450	25.6619	18.8306
575	77.5554	45.9302	25.8211	18.9111
574	77.8402	46.1480	25.8713	18.9262
573	78.0663	46.3322	25.8294	18.9211
572	78.0831	46.5751	25.5949	18.8608
571	78.0077	46.7761	25.8211	18.8004
570	77.7899	46.8934	25.9802	18.7074
569	77.9407	46.9688	25.9467	18.6294
568	77.9239	47.0274	26.0053	18.5590
567	77.8402	47.1614	25.9802	18.4558
566	77.6392	47.2703	25.9467	18.3125
565	77.4382	47.3456	25.8294	18.1314
564	77.0780	47.1698	25.7289	17.9880
563	76.6676	46.9688	25.7792	17.8874
562	76.4331	46.9855	25.7289	17.7667
561	76.1651	46.9939	25.5531	17.6460
560	75.5537	46.9520	25.3437	17.5655
559	75.0763	46.8683	25.1762	17.4171
558	74.5068	46.6086	25.1175	17.2033
557	73.7363	46.4746	24.9082	16.9317
556	73.0160	46.3155	24.7155	16.7154
555	72.1198	46.1396	24.4978	16.4840
554	71.3577	45.9135	24.2800	16.2627
553	70.5118	45.5533	24.1795	16.0615
552	69.6575	45.2518	23.8780	15.7873
551	68.6022	44.9671	23.6351	15.5383
550	67.3794	44.5985	23.3085	15.3472
549	66.2571	44.1547	23.0070	15.0856
548	65.2102	43.8448	22.6887	14.8265
547	63.7697	43.5098	22.2113	14.5549
546	62.2537	43.2166	21.8763	14.3185
545	60.6959	42.8313	21.5497	14.0745
544	59.2219	42.1948	21.1476	13.8155
543	57.8316	41.5080	20.7875	13.6042
542	56.4747	40.8464	20.4860	13.3904
541	54.8667	40.2266	20.1091	13.1087
540	53.2000	39.5650	19.6987	12.8094
539	51.6087	39.0541	19.1962	12.5302
538	49.9504	38.5516	18.6518	12.2209
537	48.1497	37.9820	18.1660	11.9191
536	46.6589	37.3455	17.6886	11.6072
535	44.7242	36.7676	17.2196	11.3632
534	42.9905	35.9887	16.6836	11.0966
533	41.2652	35.1931	16.0889	10.8099
532	39.5398	34.4728	15.5781	10.4930
531	37.6303	33.7693	15.0672	10.1761
530	35.7877	33.0741	14.5646	9.90199