nm	ZC37	ZC90	ZC84	ZC78	ZC88
800	0.06539	0.37475	0.12563	0.27639	0.12563	
799	0.07294	0.44769	0.05863	0.30989	0.09213	
798	0.07797	0.45021	0.08375	0.32664	0.09213	
797	0.06791	0.48039	0.08375	0.37689	0.10888	
796	0.07294	0.48039	0.07538	0.36851	0.09213	
795	0.07042	0.51057	0.1005	0.41039	0.09213	
794	0.06539	0.46781	0.08375	0.65328	0.10888	
793	0.07294	0.49548	0.067	0.41877	0.1005	
792	0.07042	0.48793	0.07538	0.41039	0.11725	
791	0.06288	0.48542	0.1005	0.42714	0.09213	
790	0.06791	0.49799	0.09213	0.42714	0.11725	
789	0.09306	0.4829	0.08375	0.36014	0.11725	
788	0.06288	0.46278	0.1005	0.38526	0.08375	
787	0.07294	0.47284	0.08375	0.41877	0.09213	
786	0.083	0.46278	0.1005	0.44389	0.07538	
785	0.06539	0.48793	0.09213	0.41039	0.09213	
784	0.06288	0.50554	0.10888	0.41039	0.10888	
783	0.07545	0.5156	0.067	0.49414	0.09213	
782	0.06539	0.51811	0.08375	0.39364	0.1005	
781	0.07042	0.51811	0.08375	0.43552	0.067	
780	0.07042	0.49045	0.067	0.45227	0.09213	
779	0.08048	0.47787	0.07538	0.41039	0.11725	
778	0.07797	0.50805	0.07538	0.44389	0.08375	
777	0.07042	0.50302	0.13401	0.38526	0.08375	
776	0.07797	0.51057	0.1005	0.42714	0.09213	
775	0.07042	0.55081	0.08375	0.44389	0.08375	
774	0.07294	0.51308	0.07538	0.42714	0.1005	
773	0.08048	0.51308	0.09213	0.43552	0.09213	
772	0.07294	0.50302	0.09213	0.46064	0.08375	
771	0.07042	0.4326	0.11725	0.44389	0.09213	
770	0.08551	0.49045	0.08375	0.44389	0.1005	
769	0.08048	0.51057	0.09213	0.44389	0.08375	
768	0.06288	0.49799	0.10888	0.36851	0.10888	
767	0.06288	0.5156	0.1005	0.46902	0.1005	
766	0.06791	0.50805	0.09213	0.48577	0.1005	
765	0.08803	0.51057	0.31826	0.47739	0.1005	
764	0.08048	0.5156	0.09213	0.45227	0.067	
763	0.07545	0.51057	0.10888	0.45227	0.09213	
762	0.09054	0.50554	0.29314	0.49414	0.11725	
761	0.083	0.52063	0.10888	0.52765	0.09213	
760	0.083	0.52566	0.1005	0.56115	0.1005	
759	0.10563	0.52314	0.11725	0.50252	0.1005	
758	0.09557	0.52566	0.1005	0.48577	0.08375	
757	0.11318	0.5332	0.13401	0.51927	0.067	
756	0.10563	0.53572	0.09213	0.5444	0.10888	
755	0.11066	0.54829	0.10888	0.51927	0.1005	
754	0.10563	0.55081	0.10888	0.51089	0.09213	
753	0.12827	0.54075	0.15913	0.48577	0.1005	
752	0.12827	0.53069	0.11725	0.51089	0.12563	
751	0.12324	0.53572	0.10888	0.51089	0.09213	
750	0.13079	0.56842	0.13401	0.5779	0.11725	
749	0.15091	0.58854	0.12563	0.62815	0.12563	
748	0.15845	0.58351	0.14238	0.52765	0.10888	
747	0.16851	0.58099	0.12563	0.5779	0.07538	
746	0.17857	0.60866	0.16751	0.5779	0.10888	
745	0.19115	0.60111	0.13401	0.61977	0.14238	
744	0.21127	0.60111	0.18426	0.63652	0.12563	
743	0.22888	0.66399	0.24288	0.63652	0.14238	
742	0.23894	0.60866	0.22613	0.63652	0.11725	
741	0.27163	0.61369	0.20938	0.81241	0.12563	
740	0.26409	0.63632	0.21776	0.6449	0.28476	
739	0.29678	0.64135	0.29314	0.6784	0.13401	
738	0.32696	0.64135	0.26801	0.69515	0.14238	
737	0.34206	0.65644	0.27639	0.61977	0.15913	
736	0.38733	0.65393	0.29314	0.7789	0.16751	
735	0.41248	0.68411	0.5779	0.6449	0.18426	
734	0.4326	0.67405	0.36851	0.7789	0.15076	
733	0.46781	0.69166	0.36851	0.81241	0.16751	
732	0.49799	0.74447	0.41877	0.86266	0.20101	
731	0.5332	0.74196	0.46064	0.81241	0.22613	
730	0.57093	0.74196	0.46902	0.97991	0.23451	
729	0.61369	0.77717	0.52765	1.00504	0.24288	
728	0.66399	0.78471	0.5779	1.09717	0.30151	
727	0.71429	0.80484	0.63652	1.08042	0.27639	
726	0.78975	0.83753	0.69515	1.03017	0.28476	
725	0.8325	0.85514	0.66165	1.23955	0.33501	
724	0.88029	0.87274	0.7454	1.30655	0.51927	
723	0.90292	0.87274	0.81241	1.18092	0.43552	
722	1.02365	0.88029	0.94641	1.21442	0.48577	
721	1.11671	1.02365	0.97154	1.37355	0.46902	
720	1.13935	1.06641	1.02179	1.38193	0.49414	
719	1.21731	0.99347	1.16417	1.43218	0.56115	
718	1.31289	1.04126	1.26467	1.57456	0.58627	
717	1.42607	1.07647	1.34843	1.69182	0.65328	
716	1.53673	1.46379	1.41543	1.75044	0.69515	
715	1.82094	3.81542	1.70857	3.26638	0.91291	
714	2.38181	6.02872	2.41209	6.87614	1.1893	
713	2.54529	4.61271	2.75548	7.31166	1.14742	
712	2.27618	2.5805	2.37859	4.72368	1.07204	
711	2.13281	1.77818	2.0352	2.98161	1.06367	
710	2.1806	1.44116	2.12733	2.42047	1.06367	
709	2.2963	1.38834	2.19433	2.32834	1.13904	
708	2.43211	1.43613	2.26971	2.42884	1.26467	
707	2.57799	1.47386	2.44559	2.50422	1.33168	
706	2.71884	1.5141	2.62148	2.6131	1.38193	
705	2.86723	1.54428	2.81411	2.4791	1.43218	
704	3.01059	1.58955	2.99836	2.82248	1.54943	
703	3.1791	1.67003	3.10724	2.86436	1.59969	
702	3.38534	1.70273	3.24963	3.09887	1.75882	
701	3.55637	1.748	3.45063	3.24963	1.78394	
700	3.78776	1.83603	3.81077	3.39201	1.94307	
699	4.00657	1.96179	3.98665	3.50926	2.0352	
698	4.27317	2.06994	4.09553	3.63489	2.09383	
697	4.51462	2.0976	4.27979	3.84427	2.19433	
696	4.74098	2.24851	4.49755	4.02853	2.34509	
695	5.02771	2.35917	4.80743	4.27141	2.53772	
694	5.32198	2.46984	5.20108	4.40542	2.66335	
693	5.59109	2.58553	5.40208	4.69018	2.78061	
692	5.88285	2.67608	5.61984	4.88281	2.98999	
691	6.21987	2.80183	5.9046	4.94982	3.08212	
690	6.50659	2.92759	6.21449	5.26808	3.21612	
689	6.81847	3.05083	6.45737	5.52771	3.325	
688	7.15549	3.16904	6.80914	5.75385	3.50926	
687	7.5227	3.28474	7.17765	5.94648	3.72702	
686	7.84966	3.43816	7.6718	6.26474	3.89452	
685	8.21184	3.58655	7.94818	6.52438	4.03691	
684	8.57905	3.76009	7.95656	6.82589	4.47242	
683	9.00159	3.91351	8.66008	7.11065	4.45567	
682	9.46185	4.09963	9.12073	7.46241	4.65668	
681	9.86175	4.33102	9.58137	7.81417	4.85769	
680	10.28429	4.56241	9.98338	8.19107	5.00844	
679	10.72695	4.83405	10.46078	8.5847	5.23458	
678	11.19225	5.13837	10.98005	8.96159	5.50259	
677	11.68269	5.45276	11.47419	9.53949	5.72035	
676	12.16559	5.97339	12.06046	10.04201	5.89623	
675	13.35776	15.146	13.08225	12.83937	6.65838	
674	22.98057	28.13152	23.67703	36.36565	14.09567	
673	28.30255	28.30255	52.11125	71.09811	28.44259	
672	28.30255	28.30255	62.68928	80.75485	28.63522	
671	27.72911	23.39557	42.77277	54.93373	17.73893	
670	21.17975	12.43974	25.60336	28.6101	10.82929	
669	17.36685	8.43065	18.89473	17.31179	8.5847	
668	16.66765	7.28628	17.37042	14.03704	8.11569	
667	16.92419	6.99956	17.47092	13.40051	8.14081	
666	17.45236	6.97441	18.07394	13.36701	8.40882	
665	17.97802	7.04231	18.66022	13.61827	8.64333	
664	18.4911	7.17561	19.25486	13.86953	8.88622	
663	19.01173	7.31898	19.84114	14.12079	9.17098	
662	19.54242	7.4397	20.61167	14.49768	9.43899	
661	20.07562	7.6057	21.40732	14.8662	9.7405	
660	20.64152	7.78427	22.1276	15.44409	10.02526	
659	21.25772	8.02069	22.92326	15.73723	10.28489	
658	21.87895	8.24705	23.66866	16.03037	10.4859	
657	22.4524	8.39796	24.43919	16.52451	10.77066	
656	23.05854	8.59665	25.23484	17.01028	11.24806	
655	23.51629	8.81044	26.22313	17.41229	11.37369	
654	24.00926	9.05692	26.80103	17.83106	11.62495	
653	24.46198	9.29334	27.56318	18.23308	11.96833	
652	24.92224	9.50209	28.35884	18.65184	12.15259	
651	25.40263	9.6706	29.188	18.98685	12.37873	
650	25.84026	9.87936	29.91665	19.414	12.69699	
649	26.18986	10.10069	30.6788	19.89976	12.94825	
648	26.54952	10.31447	31.39071	20.31015	13.15763	
647	26.89157	10.45532	32.11936	20.66192	13.36701	
646	27.1959	10.57856	32.81451	21.03043	13.41727	
645	27.43232	10.80995	33.48454	21.40732	13.66852	
644	27.74923	11.0011	34.16294	21.75909	13.81091	
643	27.98062	11.15704	34.76596	22.11085	14.03704	
642	28.12398	11.25764	35.41924	22.52124	14.21292	
641	28.20195	11.40603	35.96363	22.78925	14.3218	
640	28.25225	11.54688	36.4829	23.05726	14.43905	
639	28.26734	11.67012	36.9938	23.15776	14.55631	
638	28.2774	11.72545	37.43769	23.3504	14.57306	
637	28.26734	11.76066	37.86483	23.4509	14.64006	
636	28.20195	11.84114	38.21659	23.55978	14.64844	
635	28.02086	11.90151	38.63536	23.87804	14.71544	
634	27.79198	11.96438	38.98712	24.04555	14.83269	
633	27.6285	11.98702	39.20488	24.13768	14.80757	
632	27.38705	12.03984	39.39751	24.23818	14.77407	
631	27.16823	12.08511	39.58177	24.28006	14.64844	
630	26.76079	12.16056	39.69902	24.39731	14.58143	
629	26.43885	12.16308	39.87491	24.31356	14.56468	
628	26.10937	12.14296	40.11779	24.33031	14.56468	
627	25.71198	12.22344	40.2518	24.35544	14.53118	
626	25.29196	12.17314	40.3523	24.40569	14.46418	
625	24.87697	12.15302	40.55331	24.39731	14.46418	
624	24.51982	12.1329	40.72081	24.42244	14.55631	
623	24.24568	12.17062	40.83807	24.36381	14.53118	
622	23.89859	12.18068	41.05583	24.38056	14.49768	
621	23.51881	12.19326	41.1312	24.53132	14.51443	
620	23.14657	12.19829	41.37409	24.71557	14.53118	
619	22.81709	12.25614	41.58347	24.76583	14.53956	
618	22.3191	12.30644	41.91848	24.87471	14.54793	
617	21.96195	12.33662	42.53826	24.99196	14.58143	
616	21.76577	12.47747	42.69739	25.20134	14.75732	
615	21.45893	12.57053	43.12453	25.51123	14.94995	
614	21.20994	12.59065	43.49305	25.60336	15.12583	
613	20.94836	12.65604	43.97044	25.91325	15.20958	
612	20.722	12.73653	44.57346	26.25663	15.25984	
611	20.47301	12.87989	45.15136	26.53302	15.65348	
610	20.22401	13.07858	45.66225	26.95178	15.85448	
609	20.0555	13.315	46.50816	27.47105	16.05549	
608	20.05298	13.63945	47.89009	28.0992	16.60826	
607	20.24162	14.06199	49.70753	29.04562	17.23641	
606	20.49062	14.48704	51.57523	30.22654	17.77243	
605	20.65913	14.8618	53.22517	31.16457	18.28333	
604	20.70691	15.19882	54.72435	31.96023	18.74397	
603	20.67422	15.45788	56.07278	32.77263	19.22974	
602	20.59876	15.73202	57.39608	33.39241	19.69876	
601	20.45792	15.99862	58.59375	33.7358	19.99189	
600	20.32462	16.22247	59.77467	34.70733	20.2934	
599	20.16365	16.34823	60.93884	35.36898	20.52791	
598	19.95741	16.53434	62.02763	35.94688	20.9383	
597	19.70841	16.77076	63.01592	36.5164	21.21469	
596	19.47702	16.98958	64.06283	37.11105	21.49945	
595	19.28839	17.17821	65.15163	37.69732	21.77584	
594	19.11988	17.29894	66.29067	38.05746	22.04385	
593	18.85328	17.49009	66.92719	38.67724	22.32861	
592	18.58668	17.65608	67.71448	39.21326	22.56312	
591	18.29995	17.83466	68.57713	39.66552	22.91488	
590	17.96041	18.03335	69.52354	40.14292	23.09076	
589	17.65357	18.11635	70.4197	40.53656	23.30014	
588	17.32912	18.27229	71.11486	41.01395	23.5179	
587	16.99461	18.39301	71.81838	41.63372	23.90317	
586	16.70034	18.44331	72.54704	42.19487	24.17118	
585	16.43626	18.5238	73.25894	42.55501	24.28006	
584	16.08665	18.55398	73.84521	42.98215	24.44756	
583	15.69933	18.74764	74.48174	43.38417	24.60669	
582	15.42769	18.81304	74.81675	43.73593	24.79095	
581	15.12085	18.891	75.38627	43.95369	24.94171	
580	14.78886	18.96897	76.01442	44.3557	25.07571	
579	14.43674	19.01424	76.34943	44.81635	25.18459	
578	14.13493	19.00418	76.63419	45.0341	25.2851	
577	13.82808	18.96394	77.06971	45.26024	25.47773	
576	13.49106	18.83064	77.35447	45.545	25.66199	
575	13.13894	18.91112	77.55548	45.93026	25.82112	
574	12.87234	18.92622	77.84024	46.14802	25.87137	
573	12.56801	18.92118	78.06637	46.33228	25.82949	
572	12.24356	18.86082	78.08312	46.57516	25.59498	
571	11.94426	18.80046	78.00775	46.77617	25.82112	
570	11.63742	18.7074	77.78999	46.89343	25.98025	
569	11.34064	18.62943	77.94074	46.9688	25.94675	
568	11.04386	18.55901	77.92399	47.02743	26.00537	
567	10.75462	18.45589	77.84024	47.16144	25.98025	
566	10.49808	18.31253	77.63923	47.27032	25.94675	
565	10.23902	18.13144	77.43822	47.34569	25.82949	
564	10.00763	17.98808	77.07808	47.16981	25.72899	
563	9.76115	17.88747	76.66769	46.9688	25.77924	
562	9.5197	17.76675	76.43319	46.98555	25.72899	
561	9.25813	17.64602	76.16517	46.99393	25.55311	
560	9.02925	17.56554	75.55378	46.95205	25.34372	
559	8.82553	17.41715	75.07638	46.8683	25.17622	
558	8.61426	17.20336	74.50686	46.60866	25.11759	
557	8.36526	16.93173	73.73633	46.47466	24.90821	
556	8.15902	16.71543	73.01605	46.31553	24.71557	
555	7.96284	16.48404	72.11989	46.13965	24.49782	
554	7.83206	16.26271	71.35774	45.91351	24.28006	
553	7.66858	16.0615	70.51183	45.55337	24.17955	
552	7.38688	15.78735	69.65755	45.25186	23.87804	
551	7.2058	15.53836	68.60226	44.9671	23.63516	
550	7.08507	15.34721	67.37946	44.59859	23.30852	
549	6.88135	15.08564	66.25717	44.1547	23.00701	
548	6.6902	14.82658	65.21025	43.84481	22.68875	
547	6.52168	14.55495	63.7697	43.5098	22.21135	
546	6.37329	14.31853	62.25377	43.21666	21.87634	
545	6.20981	14.07456	60.69596	42.83139	21.5497	
544	6.01866	13.81551	59.2219	42.19487	21.14769	
543	5.92057	13.60424	57.8316	41.50809	20.78755	
542	5.76967	13.39045	56.47479	40.84644	20.48604	
541	5.60367	13.10876	54.86673	40.22667	20.10915	
540	5.36222	12.80946	53.20004	39.56502	19.69876	
539	5.29431	12.53029	51.60873	39.05412	19.19624	
538	5.19622	12.22093	49.95042	38.55161	18.65184	
537	5.07801	11.91911	48.14972	37.98208	18.16607	
536	4.93465	11.60724	46.65892	37.34556	17.68868	
535	4.7938	11.36327	44.72422	36.76766	17.21966	
534	4.65547	11.09667	42.99053	35.98876	16.68364	
533	4.51714	10.80995	41.26521	35.1931	16.08899	
532	4.39893	10.49305	39.53989	34.47282	15.5781	
531	4.26311	10.17614	37.63032	33.7693	15.0672	
530	4.13736	9.90199	35.78775	33.07415	14.56468	
529	4.00657	9.60773	34.28019	32.31199	14.13754	
528	3.88333	9.34364	32.50462	31.44933	13.60152	
527	3.78273	9.08458	30.95519	30.62855	13.09063	
526	3.67961	8.78529	29.34713	29.84127	12.57973	
525	3.58152	8.53377	27.84794	29.04562	12.00184	
524	3.44822	8.30238	26.47439	28.31696	11.48257	
523	3.31743	8.06345	25.3856	27.59668	11.02192	
522	3.21934	7.85218	23.64353	26.76753	10.58641	
521	3.1288	7.60821	22.52124	26.01375	10.04201	
520	3.01059	7.37431	21.4157	25.16784	9.64837	
519	2.88986	7.16304	20.33528	24.63182	9.23798	
518	2.77417	6.98195	19.25486	23.66028	8.76059	
517	2.66099	6.82098	18.27495	22.94001	8.24969	
516	2.58805	6.58959	17.43742	22.21973	7.62992	
515	2.48996	6.51665	16.59989	21.69208	7.59642	
514	2.40445	6.31293	15.82098	21.07231	7.23628	
513	2.33654	6.15196	15.11746	20.41066	6.90127	
512	2.23342	6.01866	14.41393	19.79926	6.4825	
511	2.17557	5.92309	13.85278	19.17949	5.97998	
510	2.12527	5.82751	13.24138	18.66022	5.89623	
509	2.05485	5.73948	12.83099	18.06557	5.67009	
508	1.96933	5.66403	12.4876	17.55467	5.36858	
507	1.914	5.6087	12.01021	17.17778	5.25133	
506	1.86873	5.5584	11.65845	16.76739	4.83256	
505	1.77064	5.50558	11.48257	16.34863	4.63993	
504	1.74046	5.4754	11.28993	15.95499	4.43892	
503	1.7304	5.46534	11.1308	15.62835	4.30492	
502	1.72537	5.45276	10.95492	15.27659	4.07878	
501	1.71279	5.46031	10.82929	15.01695	4.0034	
500	1.67758	5.51061	10.81254	14.8662	3.86102	
499	1.7304	5.61121	10.88792	14.79919	3.71027	
498	1.64488	5.70679	11.04705	14.74057	3.68514	
497	1.67758	5.84512	11.20618	14.69869	3.58464	
496	1.63482	5.96081	11.30668	14.68194	3.52601	
495	1.65997	6.11172	11.45744	14.73219	3.50926	
494	1.66752	6.24502	11.76733	14.8997	3.45901	
493	1.69519	6.42359	12.11909	15.05883	3.34175	
492	1.7304	6.60468	12.62998	15.20121	3.31663	
491	1.74297	6.84865	12.88962	15.46084	3.34175	
490	1.75806	7.11274	13.51777	15.83773	3.46738	